#       time                 x_1                 y_1                 z_1                 x_2                 y_2                 z_2
   0.0000000    7.4000000000e+01    6.4000000000e+01    0.0000000000e+00    5.4000000000e+01    6.4000000000e+01    0.0000000000e+00
   0.5000000    7.3998374702e+01    6.4000000000e+01    0.0000000000e+00    5.4001625298e+01    6.4000000000e+01   -4.1359030628e-25
   1.0000000    7.3990672488e+01    6.4000000000e+01   -7.4446255130e-24    5.4009327512e+01    6.4000000000e+01   -6.2038545941e-24
   1.5000000    7.3977485539e+01    6.4000000000e+01   -3.3087224502e-23    5.4022514461e+01    6.4000000000e+01   -2.2747466845e-23
   2.0000000    7.3961550709e+01    6.4000000000e+01   -1.4558378781e-22    5.4038449291e+01    6.4000000000e+01    3.7223127565e-24
   2.5000000    7.3944456297e+01    6.4000000000e+01   -1.4558378781e-22    5.4055543703e+01    6.4000000000e+01    8.3131651562e-23
   3.0000000    7.3926874654e+01    6.4000000000e+01   -1.4558378781e-22    5.4073125346e+01    6.4000000000e+01    8.3131651562e-23
   3.5000000    7.3909893926e+01    6.4000000000e+01   -1.4558378781e-22    5.4090106074e+01    6.4000000000e+01    8.3131651562e-23
   4.0000000    7.3894618998e+01    6.4000000000e+01   -1.4558378781e-22    5.4105381002e+01    6.4000000000e+01    8.3131651562e-23
   4.5000000    7.3881429081e+01    6.4000000000e+01   -1.4558378781e-22    5.4118570919e+01    6.4000000000e+01    8.3131651562e-23
   5.0000000    7.3869960742e+01    6.4000000000e+01   -1.4558378781e-22    5.4130039258e+01    6.4000000000e+01    8.3131651562e-23
   5.5000000    7.3859750851e+01    6.4000000000e+01   -1.4558378781e-22    5.4140249149e+01    6.4000000000e+01    8.3131651562e-23
   6.0000000    7.3850588980e+01    6.4000000000e+01   -1.4558378781e-22    5.4149411020e+01    6.4000000000e+01    8.3131651562e-23
   6.5000000    7.3842281362e+01    6.4000000000e+01   -1.4558378781e-22    5.4157718638e+01    6.4000000000e+01    8.3131651562e-23
   7.0000000    7.3834641445e+01    6.4000000000e+01   -1.4558378781e-22    5.4165358555e+01    6.4000000000e+01    8.3131651562e-23
   7.5000000    7.3827565000e+01    6.4000000000e+01   -1.4558378781e-22    5.4172435000e+01    6.4000000000e+01    8.3131651562e-23
   8.0000000    7.3820992869e+01    6.4000000000e+01   -1.4558378781e-22    5.4179007131e+01    6.4000000000e+01    8.3131651562e-23
   8.5000000    7.3814867516e+01    6.4000000000e+01   -1.4558378781e-22    5.4185132484e+01    6.4000000000e+01    8.3131651562e-23
   9.0000000    7.3809130769e+01    6.4000000000e+01   -1.4558378781e-22    5.4190869231e+01    6.4000000000e+01    8.3131651562e-23
   9.5000000    7.3803732467e+01    6.4000000000e+01   -1.4558378781e-22    5.4196267533e+01    6.4000000000e+01    8.3131651562e-23
  10.0000000    7.3798632739e+01    6.4000000000e+01   -1.4558378781e-22    5.4201367261e+01    6.4000000000e+01    8.3131651562e-23
  10.5000000    7.3793799601e+01    6.4000000000e+01   -1.4558378781e-22    5.4206200399e+01    6.4000000000e+01    8.3131651562e-23
  11.0000000    7.3789205869e+01    6.4000000000e+01   -1.4558378781e-22    5.4210794131e+01    6.4000000000e+01    8.3545241868e-23
  11.5000000    7.3784828551e+01    6.4000000000e+01   -1.4723814904e-22    5.4215171449e+01    6.4000000000e+01    8.2718061256e-23
  12.0000000    7.3780647833e+01    6.4000000000e+01   -1.4765173934e-22    5.4219352167e+01    6.4000000000e+01    8.1890880643e-23
  12.5000000    7.3776646579e+01    6.4000000000e+01   -1.4765173934e-22    5.4223353421e+01    6.4000000000e+01    8.1477290337e-23
  13.0000000    7.3772809142e+01    6.4000000000e+01   -1.4641096842e-22    5.4227190858e+01    6.4000000000e+01    8.0856904877e-23
  13.5000000    7.3769122919e+01    6.4000000000e+01   -1.4620417327e-22    5.4230877081e+01    6.4000000000e+01    8.0650109724e-23
  14.0000000    7.3765583123e+01    6.4000000000e+01   -1.4537699266e-22    5.4234416877e+01    6.4000000000e+01    8.1270495184e-23
  14.5000000    7.3762186563e+01    6.4000000000e+01   -1.4475660720e-22    5.4237813437e+01    6.4000000000e+01    8.1167097607e-23
  15.0000000    7.3758909699e+01    6.4000000000e+01   -1.4403282416e-22    5.4241090301e+01    6.4000000000e+01    8.0856904877e-23
  15.5000000    7.3755720932e+01    6.4000000000e+01   -1.4351583628e-22    5.4244279068e+01    6.4000000000e+01    7.9357640017e-23
  16.0000000    7.3752677987e+01    6.4000000000e+01   -1.4297299900e-22    5.4247322013e+01    6.4000000000e+01    8.0158971236e-23
  16.5000000    7.3750010684e+01    6.4000000000e+01   -1.4196487263e-22    5.4249989316e+01    6.4000000000e+01    7.9816466763e-23
  17.0000000    7.3747971964e+01    6.4000000000e+01   -1.4251538395e-22    5.4252028036e+01    6.4000000000e+01    7.9258483357e-23
  17.5000000    7.3746472514e+01    6.4000000000e+01   -1.4161711750e-22    5.4253527486e+01    6.4000000000e+01    7.9219709266e-23
  18.0000000    7.3744917348e+01    6.4000000000e+01   -1.4091918386e-22    5.4255082652e+01    6.4000000000e+01    7.9400655025e-23
  18.5000000    7.3742598078e+01    6.4000000000e+01   -1.4042804537e-22    5.4257401922e+01    6.4000000000e+01    7.9323106842e-23
  19.0000000    7.3739362707e+01    6.4000000000e+01   -1.3846349141e-22    5.4260637293e+01    6.4000000000e+01    7.7306854099e-23
  19.5000000    7.3735807426e+01    6.4000000000e+01   -1.3872198536e-22    5.4264192574e+01    6.4000000000e+01    7.7823841982e-23
  20.0000000    7.3732666478e+01    6.4000000000e+01   -1.3923897324e-22    5.4267333522e+01    6.4000000000e+01    7.7461950464e-23
  20.5000000    7.3730113682e+01    6.4000000000e+01   -1.3923897324e-22    5.4269886318e+01    6.4000000000e+01    7.7668745617e-23
  21.0000000    7.3727811730e+01    6.4000000000e+01   -1.3872198536e-22    5.4272188270e+01    6.4000000000e+01    7.7978938347e-23
  21.5000000    7.3725463560e+01    6.4000000000e+01   -1.3882538293e-22    5.4274536440e+01    6.4000000000e+01    7.8185733500e-23
  22.0000000    7.3723067107e+01    6.4000000000e+01   -1.3892878051e-22    5.4276932893e+01    6.4000000000e+01    7.8495926230e-23
  22.5000000    7.3720727218e+01    6.4000000000e+01   -1.3882538293e-22    5.4279272782e+01    6.4000000000e+01    7.8495926230e-23
  23.0000000    7.3718465503e+01    6.4000000000e+01   -1.3861858778e-22    5.4281534497e+01    6.4000000000e+01    7.9116311689e-23
  23.5000000    7.3716228426e+01    6.4000000000e+01   -1.3872198536e-22    5.4283771574e+01    6.4000000000e+01    7.8806118959e-23
  24.0000000    7.3713938986e+01    6.4000000000e+01   -1.3872198536e-22    5.4286061014e+01    6.4000000000e+01    7.8806118959e-23
  24.5000000    7.3711510357e+01    6.4000000000e+01   -1.3872198536e-22    5.4288489643e+01    6.4000000000e+01    7.8806118959e-23
  25.0000000    7.3708881510e+01    6.4000000000e+01   -1.3872198536e-22    5.4291118490e+01    6.4000000000e+01    7.8806118959e-23
  25.5000000    7.3706075223e+01    6.4000000000e+01   -1.3872198536e-22    5.4293924777e+01    6.4000000000e+01    7.8806118959e-23
  26.0000000    7.3703208910e+01    6.4000000000e+01   -1.3872198536e-22    5.4296791090e+01    6.4000000000e+01    7.8806118959e-23
  26.5000000    7.3700436607e+01    6.4000000000e+01   -1.3872198536e-22    5.4299563393e+01    6.4000000000e+01    7.8806118959e-23
  27.0000000    7.3697869250e+01    6.4000000000e+01   -1.3872198536e-22    5.4302130750e+01    6.4000000000e+01    7.8806118959e-23
  27.5000000    7.3695530247e+01    6.4000000000e+01   -1.3872198536e-22    5.4304469753e+01    6.4000000000e+01    7.8806118959e-23
  28.0000000    7.3693368363e+01    6.4000000000e+01   -1.3872198536e-22    5.4306631637e+01    6.4000000000e+01    7.8806118959e-23
  28.5000000    7.3691307500e+01    6.4000000000e+01   -1.3872198536e-22    5.4308692500e+01    6.4000000000e+01    7.8806118959e-23
  29.0000000    7.3689292910e+01    6.4000000000e+01   -1.3872198536e-22    5.4310707090e+01    6.4000000000e+01    7.8806118959e-23
  29.5000000    7.3687306738e+01    6.4000000000e+01   -1.3872198536e-22    5.4312693262e+01    6.4000000000e+01    7.8806118959e-23
  30.0000000    7.3685355149e+01    6.4000000000e+01   -1.3872198536e-22    5.4314644852e+01    6.4000000000e+01    7.8806118959e-23
  30.5000000    7.3683447601e+01    6.4000000000e+01   -1.3872198536e-22    5.4316552400e+01    6.4000000000e+01    7.8806118959e-23
  31.0000000    7.3681585529e+01    6.4000000000e+01   -1.3872198536e-22    5.4318414472e+01    6.4000000000e+01    7.8806118959e-23
  31.5000000    7.3679763453e+01    6.4000000000e+01   -1.3872198536e-22    5.4320236548e+01    6.4000000000e+01    7.8806118959e-23
  32.0000000    7.3677975026e+01    6.4000000000e+01   -1.3872198536e-22    5.4322024975e+01    6.4000000000e+01    7.8806118959e-23
  32.5000000    7.3676216818e+01    6.4000000000e+01   -1.3872198536e-22    5.4323783183e+01    6.4000000000e+01    7.8806118959e-23
  33.0000000    7.3674488018e+01    6.4000000000e+01   -1.3872198536e-22    5.4325511983e+01    6.4000000000e+01    7.8806118959e-23
  33.5000000    7.3672788429e+01    6.4000000000e+01   -1.3872198536e-22    5.4327211572e+01    6.4000000000e+01    7.8806118959e-23
  34.0000000    7.3671117235e+01    6.4000000000e+01   -1.3872198536e-22    5.4328882766e+01    6.4000000000e+01    7.8806118959e-23
  34.5000000    7.3669473084e+01    6.4000000000e+01   -1.3872198536e-22    5.4330526916e+01    6.4000000000e+01    7.8806118959e-23
  35.0000000    7.3667854665e+01    6.4000000000e+01   -1.3872198536e-22    5.4332145335e+01    6.4000000000e+01    7.8806118959e-23
  35.5000000    7.3666260998e+01    6.4000000000e+01   -1.3872198536e-22    5.4333739003e+01    6.4000000000e+01    7.8806118959e-23
  36.0000000    7.3664691350e+01    6.4000000000e+01   -1.3872198536e-22    5.4335308651e+01    6.4000000000e+01    7.8806118959e-23
  36.5000000    7.3663145045e+01    6.4000000000e+01   -1.3872198536e-22    5.4336854956e+01    6.4000000000e+01    7.8806118959e-23
  37.0000000    7.3661621385e+01    6.4000000000e+01   -1.3872198536e-22    5.4338378616e+01    6.4000000000e+01    7.8806118959e-23
  37.5000000    7.3660119673e+01    6.4000000000e+01   -1.3872198536e-22    5.4339880328e+01    6.4000000000e+01    7.8806118959e-23
  38.0000000    7.3658639258e+01    6.4000000000e+01   -1.3872198536e-22    5.4341360744e+01    6.4000000000e+01    7.8806118959e-23
  38.5000000    7.3657179540e+01    6.4000000000e+01   -1.3872198536e-22    5.4342820461e+01    6.3999999999e+01    7.8806118959e-23
  39.0000000    7.3655739974e+01    6.4000000000e+01   -1.3872198536e-22    5.4344260027e+01    6.3999999999e+01    7.8806118959e-23
  39.5000000    7.3654320065e+01    6.4000000000e+01   -1.3872198536e-22    5.4345679936e+01    6.3999999999e+01    7.8806118959e-23
  40.0000000    7.3652919369e+01    6.4000000000e+01   -1.3872198536e-22    5.4347080632e+01    6.4000000000e+01    7.8806118959e-23
  40.5000000    7.3651537476e+01    6.4000000000e+01   -1.3872198536e-22    5.4348462525e+01    6.4000000000e+01    7.8806118959e-23
  41.0000000    7.3650173966e+01    6.4000000000e+01   -1.3872198536e-22    5.4349826035e+01    6.4000000000e+01    7.8806118959e-23
  41.5000000    7.3648828373e+01    6.4000000000e+01   -1.3872198536e-22    5.4351171628e+01    6.4000000000e+01    7.8806118959e-23
  42.0000000    7.3647500181e+01    6.4000000000e+01   -1.3872198536e-22    5.4352499820e+01    6.4000000000e+01    7.8806118959e-23
  42.5000000    7.3646188865e+01    6.4000000000e+01   -1.3872198536e-22    5.4353811136e+01    6.4000000000e+01    7.8806118959e-23
  43.0000000    7.3644893938e+01    6.4000000000e+01   -1.3872198536e-22    5.4355106063e+01    6.4000000000e+01    7.8806118959e-23
  43.5000000    7.3643614989e+01    6.4000000000e+01   -1.3872198536e-22    5.4356385011e+01    6.4000000000e+01    7.8806118959e-23
  44.0000000    7.3642351684e+01    6.4000000000e+01   -1.3872198536e-22    5.4357648317e+01    6.4000000000e+01    7.8806118959e-23
  44.5000000    7.3641103731e+01    6.4000000000e+01   -1.3872198536e-22    5.4358896269e+01    6.4000000000e+01    7.8806118959e-23
  45.0000000    7.3639870849e+01    6.4000000000e+01   -1.3872198536e-22    5.4360129151e+01    6.4000000000e+01    7.8806118959e-23
  45.5000000    7.3638652745e+01    6.4000000000e+01   -1.3872198536e-22    5.4361347256e+01    6.4000000000e+01    7.8806118959e-23
  46.0000000    7.3637449113e+01    6.4000000000e+01   -1.3872198536e-22    5.4362550888e+01    6.4000000000e+01    7.8806118959e-23
  46.5000000    7.3636259648e+01    6.4000000000e+01   -1.3872198536e-22    5.4363740353e+01    6.4000000000e+01    7.8806118959e-23
  47.0000000    7.3635084060e+01    6.4000000000e+01   -1.3872198536e-22    5.4364915941e+01    6.4000000000e+01    7.8806118959e-23
  47.5000000    7.3633922077e+01    6.4000000000e+01   -1.3872198536e-22    5.4366077924e+01    6.4000000000e+01    7.8806118959e-23
  48.0000000    7.3632773438e+01    6.4000000001e+01   -1.3872198536e-22    5.4367226563e+01    6.4000000001e+01    7.8806118959e-23
  48.5000000    7.3631637896e+01    6.4000000001e+01   -1.3872198536e-22    5.4368362105e+01    6.4000000001e+01    7.8806118959e-23
  49.0000000    7.3630515208e+01    6.4000000000e+01   -1.3872198536e-22    5.4369484794e+01    6.4000000000e+01    7.8806118959e-23
  49.5000000    7.3629405121e+01    6.3999999999e+01   -1.3872198536e-22    5.4370594880e+01    6.3999999999e+01    7.8806118959e-23
  50.0000000    7.3628307371e+01    6.3999999998e+01   -1.3872198536e-22    5.4371692630e+01    6.3999999998e+01    7.8806118959e-23
  50.5000000    7.3627221713e+01    6.3999999999e+01   -1.3872198536e-22    5.4372778289e+01    6.3999999999e+01    7.8806118959e-23
  51.0000000    7.3626147982e+01    6.4000000001e+01   -1.3872198536e-22    5.4373852019e+01    6.4000000001e+01    7.8806118959e-23
  51.5000000    7.3625086050e+01    6.4000000002e+01   -1.3872198536e-22    5.4374913951e+01    6.4000000002e+01    7.8806118959e-23
  52.0000000    7.3624035650e+01    6.4000000002e+01   -1.3872198536e-22    5.4375964350e+01    6.4000000002e+01    7.8806118959e-23
  52.5000000    7.3622996329e+01    6.4000000001e+01   -1.3872198536e-22    5.4377003671e+01    6.4000000001e+01    7.8806118959e-23
  53.0000000    7.3621967727e+01    6.4000000000e+01   -1.3872198536e-22    5.4378032273e+01    6.4000000000e+01    7.8806118959e-23
  53.5000000    7.3620949922e+01    6.3999999999e+01   -1.3872198536e-22    5.4379050079e+01    6.3999999999e+01    7.8806118959e-23
  54.0000000    7.3619943261e+01    6.3999999999e+01   -1.3872198536e-22    5.4380056740e+01    6.3999999999e+01    7.8806118959e-23
  54.5000000    7.3618947651e+01    6.4000000000e+01   -1.3872198536e-22    5.4381052351e+01    6.4000000000e+01    7.8806118959e-23
  55.0000000    7.3617962129e+01    6.4000000000e+01   -1.3872198536e-22    5.4382037873e+01    6.4000000000e+01    7.8806118959e-23
  55.5000000    7.3616985571e+01    6.4000000000e+01   -1.3872198536e-22    5.4383014431e+01    6.4000000000e+01    7.8806118959e-23
  56.0000000    7.3616017995e+01    6.4000000000e+01   -1.3872198536e-22    5.4383982007e+01    6.4000000000e+01    7.8806118959e-23
  56.5000000    7.3615060730e+01    6.4000000000e+01   -1.3872198536e-22    5.4384939271e+01    6.4000000000e+01    7.8806118959e-23
  57.0000000    7.3614114715e+01    6.4000000000e+01   -1.3872198536e-22    5.4385885283e+01    6.4000000000e+01    7.8806118959e-23
  57.5000000    7.3613178842e+01    6.4000000000e+01   -1.3872198536e-22    5.4386821156e+01    6.4000000001e+01    7.8806118959e-23
  58.0000000    7.3612250707e+01    6.4000000000e+01   -1.3872198536e-22    5.4387749302e+01    6.4000000001e+01    7.8806118959e-23
  58.5000000    7.3611329297e+01    6.4000000000e+01   -1.3872198536e-22    5.4388670730e+01    6.4000000000e+01    7.8806118959e-23
  59.0000000    7.3610416607e+01    6.4000000000e+01   -1.3872198536e-22    5.4389583415e+01    6.4000000000e+01    7.8806118959e-23
  59.5000000    7.3609516065e+01    6.4000000000e+01   -1.3872198536e-22    5.4390483913e+01    6.4000000000e+01    7.8806118959e-23
  60.0000000    7.3608628778e+01    6.4000000001e+01   -1.3872198536e-22    5.4391371152e+01    6.4000000001e+01    7.8806118959e-23
  60.5000000    7.3607751312e+01    6.4000000001e+01   -1.3872198536e-22    5.4392248628e+01    6.4000000001e+01    7.8806118959e-23
  61.0000000    7.3606878122e+01    6.3999999997e+01   -1.3872198536e-22    5.4393121894e+01    6.3999999997e+01    7.8806118959e-23
  61.5000000    7.3606007041e+01    6.3999999994e+01   -1.3872198536e-22    5.4393993043e+01    6.3999999995e+01    7.8806118959e-23
  62.0000000    7.3605141951e+01    6.4000000000e+01   -1.3872198536e-22    5.4394858120e+01    6.4000000002e+01    7.8806118959e-23
  62.5000000    7.3604289076e+01    6.4000000013e+01   -1.3872198536e-22    5.4395710926e+01    6.4000000014e+01    7.8806118959e-23
  63.0000000    7.3603450560e+01    6.4000000011e+01   -1.3872198536e-22    5.4396549398e+01    6.4000000010e+01    7.8806118959e-23
  63.5000000    7.3602622429e+01    6.3999999990e+01   -1.3872198536e-22    5.4397377531e+01    6.3999999990e+01    7.8806118959e-23
  64.0000000    7.3601798926e+01    6.3999999986e+01   -1.3872198536e-22    5.4398201051e+01    6.3999999994e+01    7.8806118959e-23
  64.5000000    7.3600978018e+01    6.4000000036e+01   -1.3872198536e-22    5.4399021989e+01    6.4000000049e+01    7.8806118959e-23
  65.0000000    7.3600162404e+01    6.4000000093e+01   -1.3872198536e-22    5.4399837665e+01    6.4000000093e+01    7.8806118959e-23
  65.5000000    7.3599356019e+01    6.4000000047e+01   -1.3872198536e-22    5.4400644100e+01    6.4000000022e+01    7.8806118959e-23
  66.0000000    7.3598560306e+01    6.3999999885e+01   -1.3872198536e-22    5.4401439771e+01    6.3999999852e+01    7.8806118959e-23
  66.5000000    7.3597773398e+01    6.3999999773e+01   -1.3872198536e-22    5.4402226566e+01    6.3999999766e+01    7.8806118959e-23
  67.0000000    7.3596992106e+01    6.3999999874e+01   -1.3872198536e-22    5.4403007793e+01    6.3999999905e+01    7.8806118959e-23
  67.5000000    7.3596215113e+01    6.4000000104e+01   -1.3872198536e-22    5.4403784815e+01    6.4000000145e+01    7.8806118959e-23
  68.0000000    7.3595444399e+01    6.4000000194e+01   -1.3872198536e-22    5.4404555567e+01    6.4000000210e+01    7.8806118959e-23
  68.5000000    7.3594682356e+01    6.4000000049e+01   -1.3872198536e-22    5.4405317614e+01    6.4000000028e+01    7.8806118959e-23
  69.0000000    7.3593928189e+01    6.3999999898e+01   -1.3872198536e-22    5.4406071837e+01    6.3999999857e+01    7.8806118959e-23
  69.5000000    7.3593179523e+01    6.3999999969e+01   -1.3872198536e-22    5.4406820637e+01    6.3999999951e+01    7.8806118959e-23
  70.0000000    7.3592436129e+01    6.4000000153e+01   -1.3872198536e-22    5.4407564087e+01    6.4000000193e+01    7.8806118959e-23
  70.5000000    7.3591699311e+01    6.4000000156e+01   -1.3872198536e-22    5.4408300766e+01    6.4000000228e+01    7.8806118959e-23
  71.0000000    7.3590969331e+01    6.3999999951e+01   -1.3872198536e-22    5.4409030544e+01    6.3999999966e+01    7.8806118959e-23
  71.5000000    7.3590245529e+01    6.3999999827e+01   -1.3872198536e-22    5.4409754297e+01    6.3999999746e+01    7.8806118959e-23
  72.0000000    7.3589528113e+01    6.3999999948e+01   -1.3872198536e-22    5.4410471854e+01    6.3999999883e+01    7.8806118959e-23
  72.5000000    7.3588818313e+01    6.4000000110e+01   -1.3872198536e-22    5.4411181825e+01    6.4000000184e+01    7.8806118959e-23
  73.0000000    7.3588115156e+01    6.4000000072e+01   -1.3872198536e-22    5.4411885031e+01    6.4000000200e+01    7.8806118959e-23
  73.5000000    7.3587414155e+01    6.3999999942e+01   -1.3872198536e-22    5.4412585952e+01    6.3999999933e+01    7.8806118959e-23
  74.0000000    7.3586714116e+01    6.3999999980e+01   -1.3872198536e-22    5.4413285856e+01    6.3999999849e+01    7.8806118959e-23
  74.5000000    7.3586021815e+01    6.4000000147e+01   -1.3872198536e-22    5.4413978064e+01    6.4000000095e+01    7.8806118959e-23
  75.0000000    7.3585343130e+01    6.4000000144e+01   -1.3872198536e-22    5.4414656789e+01    6.4000000262e+01    7.8806118959e-23
  75.5000000    7.3584673817e+01    6.3999999906e+01   -1.3872198536e-22    5.4415326258e+01    6.4000000072e+01    7.8806118959e-23
  76.0000000    7.3584004820e+01    6.3999999769e+01   -1.3872198536e-22    5.4415995360e+01    6.3999999774e+01    7.8806118959e-23
  76.5000000    7.3583333219e+01    6.3999999986e+01   -1.3872198536e-22    5.4416666929e+01    6.3999999790e+01    7.8806118959e-23
  77.0000000    7.3582665008e+01    6.4000000308e+01   -1.3872198536e-22    5.4417335065e+01    6.4000000174e+01    7.8806118959e-23
  77.5000000    7.3582008258e+01    6.4000000303e+01   -1.3872198536e-22    5.4417991741e+01    6.4000000433e+01    7.8806118959e-23
  78.0000000    7.3581364033e+01    6.4000000014e+01   -1.3872198536e-22    5.4418635882e+01    6.4000000206e+01    7.8806118959e-23
  78.5000000    7.3580725298e+01    6.3999999897e+01   -1.3872198536e-22    5.4419274648e+01    6.3999999894e+01    7.8806118959e-23
  79.0000000    7.3580085698e+01    6.4000000086e+01   -1.3872198536e-22    5.4419914437e+01    6.3999999913e+01    7.8806118959e-23
  79.5000000    7.3579446995e+01    6.4000000171e+01   -1.3872198536e-22    5.4420553215e+01    6.4000000023e+01    7.8806118959e-23
  80.0000000    7.3578815999e+01    6.3999999922e+01   -1.3872198536e-22    5.4421184049e+01    6.4000000053e+01    7.8806118959e-23
  80.5000000    7.3578195953e+01    6.3999999732e+01   -1.3872198536e-22    5.4421803943e+01    6.4000000103e+01    7.8806118959e-23
  81.0000000    7.3577584687e+01    6.3999999978e+01   -1.3872198536e-22    5.4422415249e+01    6.4000000001e+01    7.8806118959e-23
  81.5000000    7.3576981630e+01    6.4000000327e+01   -1.3872198536e-22    5.4423018468e+01    6.3999999831e+01    7.8806118959e-23
  82.0000000    7.3576391287e+01    6.4000000237e+01   -1.3872198536e-22    5.4423608892e+01    6.4000000046e+01    7.8806118959e-23
  82.5000000    7.3575816560e+01    6.3999999876e+01   -1.3872198536e-22    5.4424183446e+01    6.4000000351e+01    7.8806118959e-23
  83.0000000    7.3575252222e+01    6.3999999842e+01   -1.3872198536e-22    5.4424747544e+01    6.4000000139e+01    7.8806118959e-23
  83.5000000    7.3574686762e+01    6.4000000154e+01   -1.3872198536e-22    5.4425313129e+01    6.3999999806e+01    7.8806118959e-23
  84.0000000    7.3574107999e+01    6.4000000273e+01   -1.3872198536e-22    5.4425892315e+01    6.3999999955e+01    7.8806118959e-23
  84.5000000    7.3573508088e+01    6.4000000047e+01   -1.3872198536e-22    5.4426492348e+01    6.4000000251e+01    7.8806118959e-23
  85.0000000    7.3572888121e+01    6.3999999895e+01   -1.3872198536e-22    5.4427111903e+01    6.4000000222e+01    7.8806118959e-23
  85.5000000    7.3572259713e+01    6.4000000051e+01   -1.3872198536e-22    5.4427739910e+01    6.4000000032e+01    7.8806118959e-23
  86.0000000    7.3571640037e+01    6.4000000181e+01   -1.3872198536e-22    5.4428359758e+01    6.3999999918e+01    7.8806118959e-23
  86.5000000    7.3571042050e+01    6.3999999975e+01   -1.3872198536e-22    5.4428958208e+01    6.3999999868e+01    7.8806118959e-23
  87.0000000    7.3570466809e+01    6.3999999782e+01   -1.3872198536e-22    5.4429533489e+01    6.3999999933e+01    7.8806118959e-23
  87.5000000    7.3569904610e+01    6.4000000065e+01   -1.3872198536e-22    5.4430095305e+01    6.4000000172e+01    7.8806118959e-23
  88.0000000    7.3569343357e+01    6.4000000435e+01   -1.3872198536e-22    5.4430656379e+01    6.4000000327e+01    7.8806118959e-23
  88.5000000    7.3568775499e+01    6.4000000204e+01   -1.3872198536e-22    5.4431224449e+01    6.4000000088e+01    7.8806118959e-23
  89.0000000    7.3568200518e+01    6.3999999684e+01   -1.3872198536e-22    5.4431799662e+01    6.3999999727e+01    7.8806118959e-23
  89.5000000    7.3567626493e+01    6.3999999745e+01   -1.3872198536e-22    5.4432373696e+01    6.3999999849e+01    7.8806118959e-23
  90.0000000    7.3567069056e+01    6.4000000281e+01   -1.3872198536e-22    5.4432930978e+01    6.4000000303e+01    7.8806118959e-23
  90.5000000    7.3566542971e+01    6.4000000364e+01   -1.3872198536e-22    5.4433456912e+01    6.4000000295e+01    7.8806118959e-23
  91.0000000    7.3566050353e+01    6.3999999858e+01   -1.3872198536e-22    5.4433949504e+01    6.3999999824e+01    7.8806118959e-23
  91.5000000    7.3565576720e+01    6.3999999693e+01   -1.3872198536e-22    5.4434423215e+01    6.3999999730e+01    7.8806118959e-23
  92.0000000    7.3565099816e+01    6.4000000200e+01   -1.3872198536e-22    5.4434900252e+01    6.4000000145e+01    7.8806118959e-23
  92.5000000    7.3564602545e+01    6.4000000428e+01   -1.3872198536e-22    5.4435397649e+01    6.4000000310e+01    7.8806118959e-23
  93.0000000    7.3564077997e+01    6.3999999871e+01   -1.3872198536e-22    5.4435922096e+01    6.3999999974e+01    7.8806118959e-23
  93.5000000    7.3563527507e+01    6.3999999473e+01   -1.3872198536e-22    5.4436472256e+01    6.3999999716e+01    7.8806118959e-23
  94.0000000    7.3562960515e+01    6.3999999949e+01   -1.3872198536e-22    5.4437039183e+01    6.3999999917e+01    7.8806118959e-23
  94.5000000    7.3562394266e+01    6.4000000566e+01   -1.3872198536e-22    5.4437605843e+01    6.4000000267e+01    7.8806118959e-23
  95.0000000    7.3561845088e+01    6.4000000427e+01   -1.3872198536e-22    5.4438155295e+01    6.4000000304e+01    7.8806118959e-23
  95.5000000    7.3561316598e+01    6.3999999787e+01   -1.3872198536e-22    5.4438683449e+01    6.4000000018e+01    7.8806118959e-23
  96.0000000    7.3560799811e+01    6.3999999560e+01   -1.3872198536e-22    5.4439199804e+01    6.3999999800e+01    7.8806118959e-23
  96.5000000    7.3560286518e+01    6.4000000012e+01   -1.3872198536e-22    5.4439713244e+01    6.3999999873e+01    7.8806118959e-23
  97.0000000    7.3559779543e+01    6.4000000337e+01   -1.3872885161e-22    5.4440220669e+01    6.4000000023e+01    7.8802887785e-23
  97.5000000    7.3559287991e+01    6.3999999977e+01   -1.3872885161e-22    5.4440712247e+01    6.4000000014e+01    7.8802887785e-23
  98.0000000    7.3558816086e+01    6.3999999637e+01   -1.3872885161e-22    5.4441183784e+01    6.3999999926e+01    7.8802887785e-23
  98.5000000    7.3558360246e+01    6.3999999912e+01   -1.3872885161e-22    5.4441639481e+01    6.3999999917e+01    7.8802887785e-23
  99.0000000    7.3557913342e+01    6.4000000193e+01   -1.3872885161e-22    5.4442086621e+01    6.3999999990e+01    7.8802887785e-23
  99.5000000    7.3557466225e+01    6.4000000118e+01   -1.3872885161e-22    5.4442533934e+01    6.4000000132e+01    7.8802887785e-23
 100.0000000    7.3557007925e+01    6.4000000236e+01   -1.3872885161e-22    5.4442992145e+01    6.4000000336e+01    7.8802887785e-23
 100.5000000    7.3556531999e+01    6.4000000512e+01   -1.3871915808e-22    5.4443467886e+01    6.4000000411e+01    7.8802887785e-23
 101.0000000    7.3556044303e+01    6.4000000233e+01   -1.3871592691e-22    5.4443955528e+01    6.4000000145e+01    7.8802887785e-23
 101.5000000    7.3555560744e+01    6.3999999515e+01   -1.3871592691e-22    5.4444439146e+01    6.3999999659e+01    7.8802887785e-23
 102.0000000    7.3555095219e+01    6.3999999185e+01   -1.3871592691e-22    5.4444904774e+01    6.3999999315e+01    7.8802887785e-23
 102.5000000    7.3554648995e+01    6.3999999483e+01   -1.3871592691e-22    5.4445351146e+01    6.3999999360e+01    7.8802887785e-23
 103.0000000    7.3554209508e+01    6.3999999976e+01   -1.3871592691e-22    5.4445790670e+01    6.3999999801e+01    7.8802887785e-23
 103.5000000    7.3553757886e+01    6.4000000300e+01   -1.3871592691e-22    5.4446242089e+01    6.4000000355e+01    7.8802887785e-23
 104.0000000    7.3553280264e+01    6.4000000361e+01   -1.3871592691e-22    5.4446719546e+01    6.4000000525e+01    7.8802887785e-23
 104.5000000    7.3552777412e+01    6.4000000207e+01   -1.3871592691e-22    5.4447222495e+01    6.4000000184e+01    7.8802887785e-23
 105.0000000    7.3552267344e+01    6.4000000045e+01   -1.3871592691e-22    5.4447732614e+01    6.3999999885e+01    7.8802887785e-23
 105.5000000    7.3551777282e+01    6.4000000111e+01   -1.3871592691e-22    5.4448222486e+01    6.4000000079e+01    7.8802887785e-23
 106.0000000    7.3551327863e+01    6.4000000367e+01   -1.3871592691e-22    5.4448671832e+01    6.4000000474e+01    7.8802887785e-23
 106.5000000    7.3550920704e+01    6.4000000572e+01   -1.3871592691e-22    5.4449079216e+01    6.4000000639e+01    7.8802887785e-23
 107.0000000    7.3550539287e+01    6.4000000558e+01   -1.3870300221e-22    5.4449460836e+01    6.4000000545e+01    7.8802887785e-23
 107.5000000    7.3550161389e+01    6.4000000209e+01   -1.3870300221e-22    5.4449838709e+01    6.4000000184e+01    7.8802887785e-23
 108.0000000    7.3549772479e+01    6.3999999540e+01   -1.3870300221e-22    5.4450227525e+01    6.3999999515e+01    7.8802887785e-23
 108.5000000    7.3549371204e+01    6.3999999028e+01   -1.3870300221e-22    5.4450628764e+01    6.3999998988e+01    7.8802887785e-23
 109.0000000    7.3548964812e+01    6.3999999273e+01   -1.3870300221e-22    5.4451035117e+01    6.3999999233e+01    7.8802887785e-23
 109.5000000    7.3548559257e+01    6.4000000149e+01   -1.3870300221e-22    5.4451440591e+01    6.4000000125e+01    7.8802887785e-23
 110.0000000    7.3548152617e+01    6.4000000830e+01   -1.3869330869e-22    5.4451847197e+01    6.4000000819e+01    7.8802887785e-23
 110.5000000    7.3547736571e+01    6.4000000738e+01   -1.3869330869e-22    5.4452263331e+01    6.4000000735e+01    7.8802887785e-23
 111.0000000    7.3547302487e+01    6.4000000099e+01   -1.3869330869e-22    5.4452697546e+01    6.4000000096e+01    7.8802887785e-23
 111.5000000    7.3546846533e+01    6.3999999514e+01   -1.3869330869e-22    5.4453153541e+01    6.3999999497e+01    7.8802887785e-23
 112.0000000    7.3546372577e+01    6.3999999295e+01   -1.3869330869e-22    5.4453627446e+01    6.3999999260e+01    7.8802887785e-23
 112.5000000    7.3545893128e+01    6.3999999384e+01   -1.3869330869e-22    5.4454106850e+01    6.3999999356e+01    7.8802887785e-23
 113.0000000    7.3545426267e+01    6.3999999696e+01   -1.3869330869e-22    5.4454573705e+01    6.3999999712e+01    7.8802887785e-23
 113.5000000    7.3544988060e+01    6.4000000140e+01   -1.3869330869e-22    5.4455011880e+01    6.4000000205e+01    7.8802887785e-23
 114.0000000    7.3544585163e+01    6.4000000436e+01   -1.3869330869e-22    5.4455414699e+01    6.4000000504e+01    7.8802887785e-23
 114.5000000    7.3544212688e+01    6.4000000375e+01   -1.3869330869e-22    5.4455787107e+01    6.4000000387e+01    7.8802887785e-23
 115.0000000    7.3543857656e+01    6.4000000132e+01   -1.3869330869e-22    5.4456142140e+01    6.4000000063e+01    7.8802887785e-23
 115.5000000    7.3543505370e+01    6.3999999941e+01   -1.3869330869e-22    5.4456494498e+01    6.3999999823e+01    7.8802887785e-23
 116.0000000    7.3543145900e+01    6.3999999741e+01   -1.3869330869e-22    5.4456854083e+01    6.3999999638e+01    7.8802887785e-23
 116.5000000    7.3542777110e+01    6.3999999446e+01   -1.3869330869e-22    5.4457222983e+01    6.3999999413e+01    7.8802887785e-23
 117.0000000    7.3542401804e+01    6.3999999238e+01   -1.3869330869e-22    5.4457598327e+01    6.3999999291e+01    7.8802887785e-23
 117.5000000    7.3542021821e+01    6.3999999348e+01   -1.3869330869e-22    5.4457978247e+01    6.3999999451e+01    7.8802887785e-23
 118.0000000    7.3541635423e+01    6.3999999778e+01   -1.3869330869e-22    5.4458364539e+01    6.3999999865e+01    7.8802887785e-23
 118.5000000    7.3541240729e+01    6.4000000325e+01   -1.3869330869e-22    5.4458759170e+01    6.4000000339e+01    7.8802887785e-23
 119.0000000    7.3540841217e+01    6.4000000700e+01   -1.3869330869e-22    5.4459158683e+01    6.4000000625e+01    7.8802887785e-23
 119.5000000    7.3540446678e+01    6.4000000637e+01   -1.3869330869e-22    5.4459553245e+01    6.4000000504e+01    7.8802887785e-23
 120.0000000    7.3540066825e+01    6.4000000071e+01   -1.3869330869e-22    5.4459933104e+01    6.3999999933e+01    7.8802887785e-23
 120.5000000    7.3539702010e+01    6.3999999260e+01   -1.3869330869e-22    5.4460297909e+01    6.3999999173e+01    7.8802887785e-23
 121.0000000    7.3539339857e+01    6.3999998703e+01   -1.3869330869e-22    5.4460660061e+01    6.3999998694e+01    7.8802887785e-23
 121.5000000    7.3538962989e+01    6.3999998835e+01   -1.3869330869e-22    5.4461036948e+01    6.3999998897e+01    7.8802887785e-23
 122.0000000    7.3538563410e+01    6.3999999675e+01   -1.3867069047e-22    5.4461436552e+01    6.3999999772e+01    7.8796425436e-23
 122.5000000    7.3538151918e+01    6.4000000711e+01   -1.3868038399e-22    5.4461848059e+01    6.4000000790e+01    7.8760882519e-23
 123.0000000    7.3537753346e+01    6.4000001222e+01   -1.3868361517e-22    5.4462246622e+01    6.4000001239e+01    7.8757651345e-23
 123.5000000    7.3537389320e+01    6.4000000827e+01   -1.3868361517e-22    5.4462610616e+01    6.4000000773e+01    7.8757651345e-23
 124.0000000    7.3537060780e+01    6.3999999807e+01   -1.3868361517e-22    5.4462939127e+01    6.3999999712e+01    7.8757651345e-23
 124.5000000    7.3536743963e+01    6.3999998896e+01   -1.3868361517e-22    5.4463255963e+01    6.3999998819e+01    7.8757651345e-23
 125.0000000    7.3536404374e+01    6.3999998716e+01   -1.3868361517e-22    5.4463595635e+01    6.3999998707e+01    7.8757651345e-23
 125.5000000    7.3536020172e+01    6.3999999304e+01   -1.3868361517e-22    5.4463979942e+01    6.3999999372e+01    7.8757651345e-23
 126.0000000    7.3535598822e+01    6.4000000129e+01   -1.3865776578e-22    5.4464401340e+01    6.4000000232e+01    7.8770576042e-23
 126.5000000    7.3535174757e+01    6.4000000566e+01   -1.3863514756e-22    5.4464825333e+01    6.4000000636e+01    7.8738264299e-23
 127.0000000    7.3534788924e+01    6.4000000387e+01   -1.3863514756e-22    5.4465210976e+01    6.4000000385e+01    7.8738264299e-23
 127.5000000    7.3534464037e+01    6.3999999873e+01   -1.3863514756e-22    5.4465535625e+01    6.3999999814e+01    7.8738264299e-23
 128.0000000    7.3534192115e+01    6.3999999501e+01   -1.3865453460e-22    5.4465807380e+01    6.3999999437e+01    7.8796425436e-23
 128.5000000    7.3533941346e+01    6.3999999531e+01   -1.3865453460e-22    5.4466058168e+01    6.3999999499e+01    7.8796425436e-23
 129.0000000    7.3533675711e+01    6.3999999847e+01   -1.3865453460e-22    5.4466324036e+01    6.3999999841e+01    7.8796425436e-23
 129.5000000    7.3533373579e+01    6.4000000138e+01   -1.3865453460e-22    5.4466626519e+01    6.4000000126e+01    7.8796425436e-23
 130.0000000    7.3533034684e+01    6.4000000165e+01   -1.3865453460e-22    5.4466965690e+01    6.4000000135e+01    7.8796425436e-23
 130.5000000    7.3532674179e+01    6.3999999908e+01   -1.3865453460e-22    5.4467326225e+01    6.3999999885e+01    7.8796425436e-23
 131.0000000    7.3532310309e+01    6.3999999559e+01   -1.3865453460e-22    5.4467689853e+01    6.3999999574e+01    7.8796425436e-23
 131.5000000    7.3531954292e+01    6.3999999412e+01   -1.3865453460e-22    5.4468045501e+01    6.3999999456e+01    7.8796425436e-23
 132.0000000    7.3531607714e+01    6.3999999653e+01   -1.3865453460e-22    5.4468391814e+01    6.3999999679e+01    7.8796425436e-23
 132.5000000    7.3531267208e+01    6.4000000162e+01   -1.3865453460e-22    5.4468732318e+01    6.4000000127e+01    7.8796425436e-23
 133.0000000    7.3530931793e+01    6.4000000492e+01   -1.3865453460e-22    5.4469067958e+01    6.4000000414e+01    7.8796425436e-23
 133.5000000    7.3530606919e+01    6.4000000174e+01   -1.3865453460e-22    5.4469393097e+01    6.4000000122e+01    7.8796425436e-23
 134.0000000    7.3530301518e+01    6.3999999181e+01   -1.3865453460e-22    5.4469698623e+01    6.3999999213e+01    7.8796425436e-23
 134.5000000    7.3530019486e+01    6.3999998163e+01   -1.3865453460e-22    5.4469980609e+01    6.3999998266e+01    7.8796425436e-23
 135.0000000    7.3529752000e+01    6.3999998092e+01   -1.3865453460e-22    5.4470247977e+01    6.3999998190e+01    7.8796425436e-23
 135.5000000    7.3529477801e+01    6.3999999414e+01   -1.3865453460e-22    5.4470522079e+01    6.3999999430e+01    7.8796425436e-23
 136.0000000    7.3529173352e+01    6.4000001428e+01   -1.3865453460e-22    5.4470826455e+01    6.4000001337e+01    7.8789963088e-23
 136.5000000    7.3528826953e+01    6.4000002615e+01   -1.3865453460e-22    5.4471172775e+01    6.4000002448e+01    7.8789963088e-23
 137.0000000    7.3528446979e+01    6.4000001850e+01   -1.3865453460e-22    5.4471552699e+01    6.4000001678e+01    7.8789963088e-23
 137.5000000    7.3528058097e+01    6.3999999481e+01   -1.3865453460e-22    5.4471941646e+01    6.3999999401e+01    7.8789963088e-23
 138.0000000    7.3527687963e+01    6.3999997189e+01   -1.3865453460e-22    5.4472311984e+01    6.3999997284e+01    7.8789963088e-23
 138.5000000    7.3527353389e+01    6.3999996646e+01   -1.3865453460e-22    5.4472646797e+01    6.3999996909e+01    7.8789963088e-23
 139.0000000    7.3527054414e+01    6.3999998136e+01   -1.3865453460e-22    5.4472945887e+01    6.3999998429e+01    7.8789963088e-23
 139.5000000    7.3526778300e+01    6.4000000383e+01   -1.3865453460e-22    5.4473221905e+01    6.4000000510e+01    7.8789963088e-23
 140.0000000    7.3526508908e+01    6.4000001683e+01   -1.3865453460e-22    5.4473491047e+01    6.4000001534e+01    7.8789963088e-23
 140.5000000    7.3526234664e+01    6.4000001267e+01   -1.3865453460e-22    5.4473765038e+01    6.4000000920e+01    7.8789963088e-23
 141.0000000    7.3525951141e+01    6.3999999769e+01   -1.3865453460e-22    5.4474048447e+01    6.3999999434e+01    7.8789963088e-23
 141.5000000    7.3525658902e+01    6.3999998526e+01   -1.3865453460e-22    5.4474340750e+01    6.3999998399e+01    7.8796425436e-23
 142.0000000    7.3525360064e+01    6.3999998447e+01   -1.3866059305e-22    5.4474639760e+01    6.3999998581e+01    7.8785924120e-23
 142.5000000    7.3525056494e+01    6.3999999407e+01   -1.3866018916e-22    5.4474943485e+01    6.3999999687e+01    7.8782692946e-23
 143.0000000    7.3524750154e+01    6.4000000539e+01   -1.3866018916e-22    5.4475249875e+01    6.4000000769e+01    7.8782692946e-23
 143.5000000    7.3524444473e+01    6.4000001025e+01   -1.3866018916e-22    5.4475555486e+01    6.4000001049e+01    7.8782692946e-23
 144.0000000    7.3524145513e+01    6.4000000651e+01   -1.3866018916e-22    5.4475854321e+01    6.4000000461e+01    7.8782692946e-23
 144.5000000    7.3523861824e+01    6.3999999806e+01   -1.3866018916e-22    5.4476137914e+01    6.3999999536e+01    7.8782692946e-23
 145.0000000    7.3523601867e+01    6.3999999071e+01   -1.3866018916e-22    5.4476397859e+01    6.3999998891e+01    7.8782692946e-23
 145.5000000    7.3523368692e+01    6.3999998807e+01   -1.3866018916e-22    5.4476631105e+01    6.3999998799e+01    7.8782692946e-23
 146.0000000    7.3523154041e+01    6.3999998985e+01   -1.3866018916e-22    5.4476845855e+01    6.3999999103e+01    7.8782692946e-23
 146.5000000    7.3522936613e+01    6.3999999312e+01   -1.3866018916e-22    5.4477063336e+01    6.3999999444e+01    7.8782692946e-23
 147.0000000    7.3522688541e+01    6.3999999508e+01   -1.3864120601e-22    5.4477311368e+01    6.3999999563e+01    7.8793598159e-23
 147.5000000    7.3522389015e+01    6.3999999497e+01   -1.3864160990e-22    5.4477610803e+01    6.3999999456e+01    7.8793396210e-23
 148.0000000    7.3522037566e+01    6.3999999389e+01   -1.3864160990e-22    5.4477962221e+01    6.3999999300e+01    7.8793396210e-23
 148.5000000    7.3521657544e+01    6.3999999322e+01   -1.3865271707e-22    5.4478342358e+01    6.3999999263e+01    7.8782087100e-23
 149.0000000    7.3521285600e+01    6.3999999349e+01   -1.3865271707e-22    5.4478714517e+01    6.3999999369e+01    7.8782087100e-23
 149.5000000    7.3520952597e+01    6.3999999440e+01   -1.3865271707e-22    5.4479047654e+01    6.3999999530e+01    7.8782087100e-23
 150.0000000    7.3520668028e+01    6.3999999553e+01   -1.3865271707e-22    5.4479332107e+01    6.3999999649e+01    7.8782087100e-23
 150.5000000    7.3520417965e+01    6.3999999653e+01   -1.3865271707e-22    5.4479581806e+01    6.3999999684e+01    7.8782087100e-23
 151.0000000    7.3520176930e+01    6.3999999692e+01   -1.3865271707e-22    5.4479822442e+01    6.3999999638e+01    7.8782087100e-23
 151.5000000    7.3519924329e+01    6.3999999636e+01   -1.3865271707e-22    5.4480074891e+01    6.3999999541e+01    7.8782087100e-23
 152.0000000    7.3519653973e+01    6.3999999511e+01   -1.3865271707e-22    5.4480345479e+01    6.3999999446e+01    7.8782087100e-23
 152.5000000    7.3519371854e+01    6.3999999403e+01   -1.3865271707e-22    5.4480628083e+01    6.3999999407e+01    7.8782087100e-23
 153.0000000    7.3519086746e+01    6.3999999379e+01   -1.3865271707e-22    5.4480913618e+01    6.3999999439e+01    7.8782087100e-23
 153.5000000    7.3518802612e+01    6.3999999427e+01   -1.3865271707e-22    5.4481197845e+01    6.3999999493e+01    7.8782087100e-23
 154.0000000    7.3518518450e+01    6.3999999481e+01   -1.3865271707e-22    5.4481481716e+01    6.3999999498e+01    7.8782087100e-23
 154.5000000    7.3518233884e+01    6.3999999476e+01   -1.3865271707e-22    5.4481765806e+01    6.3999999422e+01    7.8782087100e-23
 155.0000000    7.3517954129e+01    6.3999999398e+01   -1.3865271707e-22    5.4482045218e+01    6.3999999312e+01    7.8782087100e-23
 155.5000000    7.3517689087e+01    6.3999999304e+01   -1.3865271707e-22    5.4482310284e+01    6.3999999253e+01    7.8782087100e-23
 156.0000000    7.3517446733e+01    6.3999999278e+01   -1.3865271707e-22    5.4482553020e+01    6.3999999294e+01    7.8782087100e-23
 156.5000000    7.3517225844e+01    6.3999999363e+01   -1.3865271707e-22    5.4482774382e+01    6.3999999397e+01    7.8782087100e-23
 157.0000000    7.3517013800e+01    6.3999999514e+01   -1.3865271707e-22    5.4482986625e+01    6.3999999475e+01    7.8782087100e-23
 157.5000000    7.3516791576e+01    6.3999999638e+01   -1.3865271707e-22    5.4483208591e+01    6.3999999491e+01    7.8782087100e-23
 158.0000000    7.3516543135e+01    6.3999999669e+01   -1.3865271707e-22    5.4483456499e+01    6.3999999490e+01    7.8782087100e-23
 158.5000000    7.3516263526e+01    6.3999999595e+01   -1.3865271707e-22    5.4483735719e+01    6.3999999527e+01    7.8782087100e-23
 159.0000000    7.3515960925e+01    6.3999999447e+01   -1.3865271707e-22    5.4484038378e+01    6.3999999577e+01    7.8782087100e-23
 159.5000000    7.3515651796e+01    6.3999999289e+01   -1.3865271707e-22    5.4484347952e+01    6.3999999560e+01    7.8782087100e-23
 160.0000000    7.3515352500e+01    6.3999999192e+01   -1.3865271707e-22    5.4484647726e+01    6.3999999436e+01    7.8780875410e-23
 160.5000000    7.3515072318e+01    6.3999999198e+01   -1.3864140796e-22    5.4484928073e+01    6.3999999264e+01    7.8782894894e-23
 161.0000000    7.3514811146e+01    6.3999999295e+01   -1.3863494561e-22    5.4485189000e+01    6.3999999158e+01    7.8776432545e-23
 161.5000000    7.3514561779e+01    6.3999999428e+01   -1.3863171444e-22    5.4485437911e+01    6.3999999202e+01    7.8773201371e-23
 162.0000000    7.3514314203e+01    6.3999999540e+01   -1.3863171444e-22    5.4485685141e+01    6.3999999371e+01    7.8773201371e-23
 162.5000000    7.3514059417e+01    6.3999999584e+01   -1.3863171444e-22    5.4485939912e+01    6.3999999539e+01    7.8773201371e-23
 163.0000000    7.3513792165e+01    6.3999999544e+01   -1.3863171444e-22    5.4486207483e+01    6.3999999580e+01    7.8773201371e-23
 163.5000000    7.3513513065e+01    6.3999999444e+01   -1.3863171444e-22    5.4486487037e+01    6.3999999482e+01    7.8774816958e-23
 164.0000000    7.3513229756e+01    6.3999999343e+01   -1.3863171444e-22    5.4486770683e+01    6.3999999350e+01    7.8774816958e-23
 164.5000000    7.3512955156e+01    6.3999999294e+01   -1.3863171444e-22    5.4487045317e+01    6.3999999297e+01    7.8774816958e-23
 165.0000000    7.3512701731e+01    6.3999999313e+01   -1.3863171444e-22    5.4487298437e+01    6.3999999342e+01    7.8774816958e-23
 165.5000000    7.3512473953e+01    6.3999999375e+01   -1.3863171444e-22    5.4487525710e+01    6.3999999407e+01    7.8774816958e-23
 166.0000000    7.3512264051e+01    6.3999999434e+01   -1.3863171444e-22    5.4487735167e+01    6.3999999419e+01    7.8774816958e-23
 166.5000000    7.3512055147e+01    6.3999999467e+01   -1.3863171444e-22    5.4487943950e+01    6.3999999390e+01    7.8774816958e-23
 167.0000000    7.3511830777e+01    6.3999999487e+01   -1.3863171444e-22    5.4488168639e+01    6.3999999399e+01    7.8774816958e-23
 167.5000000    7.3511584556e+01    6.3999999523e+01   -1.3863191639e-22    5.4488415468e+01    6.3999999488e+01    7.8774312087e-23
 168.0000000    7.3511323091e+01    6.3999999573e+01   -1.3862484819e-22    5.4488677453e+01    6.3999999600e+01    7.8788347500e-23
 168.5000000    7.3511060158e+01    6.3999999595e+01   -1.3863050275e-22    5.4488940466e+01    6.3999999624e+01    7.8777038390e-23
 169.0000000    7.3510806897e+01    6.3999999546e+01   -1.3863050275e-22    5.4489193299e+01    6.3999999515e+01    7.8777038390e-23
 169.5000000    7.3510565556e+01    6.3999999428e+01   -1.3863050275e-22    5.4489433990e+01    6.3999999342e+01    7.8777038390e-23
 170.0000000    7.3510330778e+01    6.3999999304e+01   -1.3863050275e-22    5.4489668312e+01    6.3999999226e+01    7.8777038390e-23
 170.5000000    7.3510095891e+01    6.3999999263e+01   -1.3863050275e-22    5.4489903201e+01    6.3999999248e+01    7.8777038390e-23
 171.0000000    7.3509857836e+01    6.3999999348e+01   -1.3863050275e-22    5.4490141673e+01    6.3999999387e+01    7.8777038390e-23
 171.5000000    7.3509616603e+01    6.3999999516e+01   -1.3863050275e-22    5.4490383466e+01    6.3999999532e+01    7.8777038390e-23
 172.0000000    7.3509370942e+01    6.3999999648e+01   -1.3863050275e-22    5.4490629519e+01    6.3999999574e+01    7.8777038390e-23
 172.5000000    7.3509116067e+01    6.3999999640e+01   -1.3863050275e-22    5.4490884445e+01    6.3999999496e+01    7.8777038390e-23
 173.0000000    7.3508847086e+01    6.3999999498e+01   -1.3863050275e-22    5.4491153153e+01    6.3999999393e+01    7.8777038390e-23
 173.5000000    7.3508565873e+01    6.3999999360e+01   -1.3863050275e-22    5.4491433921e+01    6.3999999393e+01    7.8777038390e-23
 174.0000000    7.3508284746e+01    6.3999999392e+01   -1.3863050275e-22    5.4491714645e+01    6.3999999538e+01    7.8777038390e-23
 174.5000000    7.3508022030e+01    6.3999999626e+01   -1.3863050275e-22    5.4491977197e+01    6.3999999736e+01    7.8777038390e-23
 175.0000000    7.3507791318e+01    6.3999999883e+01   -1.3863050275e-22    5.4492208071e+01    6.3999999822e+01    7.8777038390e-23
 175.5000000    7.3507592117e+01    6.3999999905e+01   -1.3863050275e-22    5.4492407664e+01    6.3999999684e+01    7.8777038390e-23
 176.0000000    7.3507409262e+01    6.3999999591e+01   -1.3863050275e-22    5.4492590891e+01    6.3999999367e+01    7.8777038390e-23
 176.5000000    7.3507221995e+01    6.3999999121e+01   -1.3862727158e-22    5.4492778268e+01    6.3999999055e+01    7.8777038390e-23
 177.0000000    7.3507016236e+01    6.3999998837e+01   -1.3862727158e-22    5.4492983812e+01    6.3999998959e+01    7.8768960454e-23
 177.5000000    7.3506791437e+01    6.3999998975e+01   -1.3862888716e-22    5.4493208244e+01    6.3999999169e+01    7.8769768248e-23
 178.0000000    7.3506557976e+01    6.3999999470e+01   -1.3862888716e-22    5.4493441459e+01    6.3999999582e+01    7.8772999422e-23
 178.5000000    7.3506328307e+01    6.3999999985e+01   -1.3862888716e-22    5.4493671156e+01    6.3999999945e+01    7.8772999422e-23
 179.0000000    7.3506108958e+01    6.4000000157e+01   -1.3862888716e-22    5.4493890743e+01    6.4000000018e+01    7.8772999422e-23
 179.5000000    7.3505898369e+01    6.3999999865e+01   -1.3862888716e-22    5.4494101581e+01    6.3999999744e+01    7.8772999422e-23
 180.0000000    7.3505690317e+01    6.3999999323e+01   -1.3862888716e-22    5.4494309732e+01    6.3999999289e+01    7.8772999422e-23
 180.5000000    7.3505478989e+01    6.3999998910e+01   -1.3862888716e-22    5.4494520996e+01    6.3999998934e+01    7.8772999422e-23
 181.0000000    7.3505261972e+01    6.3999998880e+01   -1.3862888716e-22    5.4494737889e+01    6.3999998889e+01    7.8772999422e-23
 181.5000000    7.3505040193e+01    6.3999999211e+01   -1.3862888716e-22    5.4494959588e+01    6.3999999169e+01    7.8772999422e-23
 182.0000000    7.3504816204e+01    6.3999999667e+01   -1.3862888716e-22    5.4495183558e+01    6.3999999602e+01    7.8772999422e-23
 182.5000000    7.3504592573e+01    6.3999999986e+01   -1.3862888716e-22    5.4495407178e+01    6.3999999947e+01    7.8772999422e-23
 183.0000000    7.3504371085e+01    6.4000000021e+01   -1.3862888716e-22    5.4495628620e+01    6.4000000032e+01    7.8772999422e-23
 183.5000000    7.3504152486e+01    6.3999999792e+01   -1.3862888716e-22    5.4495847147e+01    6.3999999832e+01    7.8772999422e-23
 184.0000000    7.3503936442e+01    6.3999999446e+01   -1.3862888716e-22    5.4496063143e+01    6.3999999478e+01    7.8772999422e-23
 184.5000000    7.3503721756e+01    6.3999999176e+01   -1.3862888716e-22    5.4496277852e+01    6.3999999172e+01    7.8772999422e-23
 185.0000000    7.3503507006e+01    6.3999999118e+01   -1.3862888716e-22    5.4496492693e+01    6.3999999077e+01    7.8772999422e-23
 185.5000000    7.3503291383e+01    6.3999999273e+01   -1.3862888716e-22    5.4496708421e+01    6.3999999218e+01    7.8772999422e-23
 186.0000000    7.3503075192e+01    6.3999999514e+01   -1.3862888716e-22    5.4496924669e+01    6.3999999470e+01    7.8772999422e-23
 186.5000000    7.3502859647e+01    6.3999999670e+01   -1.3862888716e-22    5.4497140197e+01    6.3999999655e+01    7.8772999422e-23
 187.0000000    7.3502646138e+01    6.3999999645e+01   -1.3862888716e-22    5.4497353637e+01    6.3999999663e+01    7.8772999422e-23
 187.5000000    7.3502435520e+01    6.3999999484e+01   -1.3862888716e-22    5.4497564181e+01    6.3999999517e+01    7.8772999422e-23
 188.0000000    7.3502227893e+01    6.3999999326e+01   -1.3862888716e-22    5.4497771768e+01    6.3999999344e+01    7.8772999422e-23
 188.5000000    7.3502022897e+01    6.3999999299e+01   -1.3862888716e-22    5.4497976768e+01    6.3999999276e+01    7.8772999422e-23
 189.0000000    7.3501820110e+01    6.3999999441e+01   -1.3862888716e-22    5.4498179592e+01    6.3999999369e+01    7.8772999422e-23
 189.5000000    7.3501619067e+01    6.3999999677e+01   -1.3862888716e-22    5.4498380673e+01    6.3999999584e+01    7.8772999422e-23
 190.0000000    7.3501418930e+01    6.3999999874e+01   -1.3862888716e-22    5.4498580823e+01    6.3999999803e+01    7.8772999422e-23
 190.5000000    7.3501218258e+01    6.3999999905e+01   -1.3862888716e-22    5.4498781467e+01    6.3999999892e+01    7.8772999422e-23
 191.0000000    7.3501015330e+01    6.3999999726e+01   -1.3862888716e-22    5.4498984337e+01    6.3999999769e+01    7.8772999422e-23
 191.5000000    7.3500808922e+01    6.3999999403e+01   -1.3862888716e-22    5.4499190682e+01    6.3999999461e+01    7.8772999422e-23
 192.0000000    7.3500599068e+01    6.3999999090e+01   -1.3862888716e-22    5.4499400494e+01    6.3999999115e+01    7.8772999422e-23
 192.5000000    7.3500387327e+01    6.3999998953e+01   -1.3862888716e-22    5.4499612232e+01    6.3999998918e+01    7.8772999422e-23
 193.0000000    7.3500176388e+01    6.3999999073e+01   -1.3863050275e-22    5.4499823204e+01    6.3999998989e+01    7.8772999422e-23
 193.5000000    7.3499969226e+01    6.3999999393e+01   -1.3863050275e-22    5.4500030421e+01    6.3999999301e+01    7.8772999422e-23
 194.0000000    7.3499768111e+01    6.3999999737e+01   -1.3863050275e-22    5.4500231589e+01    6.3999999683e+01    7.8772999422e-23
 194.5000000    7.3499573788e+01    6.3999999913e+01   -1.3863050275e-22    5.4500425934e+01    6.3999999918e+01    7.8772999422e-23
 195.0000000    7.3499385047e+01    6.3999999828e+01   -1.3863050275e-22    5.4500614644e+01    6.3999999874e+01    7.8772999422e-23
 195.5000000    7.3499198973e+01    6.3999999541e+01   -1.3863050275e-22    5.4500800638e+01    6.3999999587e+01    7.8772999422e-23
 196.0000000    7.3499011978e+01    6.3999999221e+01   -1.3863050275e-22    5.4500987538e+01    6.3999999235e+01    7.8772999422e-23
 196.5000000    7.3498821335e+01    6.3999999045e+01   -1.3863050275e-22    5.4501178125e+01    6.3999999019e+01    7.8772999422e-23
 197.0000000    7.3498626419e+01    6.3999999097e+01   -1.3863050275e-22    5.4501373063e+01    6.3999999047e+01    7.8772999422e-23
 197.5000000    7.3498428896e+01    6.3999999333e+01   -1.3863050275e-22    5.4501570674e+01    6.3999999284e+01    7.8772999422e-23
 198.0000000    7.3498231722e+01    6.3999999620e+01   -1.3863050275e-22    5.4501767951e+01    6.3999999587e+01    7.8772999422e-23
 198.5000000    7.3498037536e+01    6.3999999817e+01   -1.3863050275e-22    5.4501962193e+01    6.3999999797e+01    7.8772999422e-23
 199.0000000    7.3497847360e+01    6.3999999854e+01   -1.3863050275e-22    5.4502152347e+01    6.3999999838e+01    7.8772999422e-23
 199.5000000    7.3497660202e+01    6.3999999761e+01   -1.3863050275e-22    5.4502339425e+01    6.3999999744e+01    7.8772999422e-23
 200.0000000    7.3497473598e+01    6.3999999633e+01   -1.3863050275e-22    5.4502525943e+01    6.3999999617e+01    7.8772999422e-23
