#       time         integral Re         integral Im         integral Re         integral Im
#       r =            32.000000           32.000000           50.000000           50.000000
   0.0000000    7.0179744754e-05   -2.1354608836e-21    1.5349154362e-06    1.2697352273e-22
   0.2500000    6.9560423553e-05   -1.9369722385e-21    1.4507122763e-06    1.5365870637e-22
   0.5000000    6.8946408995e-05   -2.3907123684e-21    1.3382827032e-06    1.6773651241e-22
   0.7500000    6.8337859836e-05   -3.0328624153e-21    1.2300449459e-06    1.3538158000e-22
   1.0000000    6.7734940679e-05   -2.4595606626e-21    1.1102347952e-06    7.2060863235e-23
   1.2500000    6.7137822161e-05   -2.3982764859e-21    9.7377504947e-07    2.3179482153e-23
   1.5000000    6.6546681144e-05   -3.0555810269e-21    8.3031780072e-07    2.6011870684e-23
   1.7500000    6.5961700959e-05   -1.8024822461e-21    6.9199658648e-07    5.9561419701e-23
   2.0000000    6.5383071578e-05   -2.8702972439e-21    5.6671600417e-07    1.2595751652e-22
   2.2500000    6.4810989895e-05   -2.7172168681e-21    4.6075751363e-07    1.6050955201e-22
   2.5000000    6.4245659890e-05   -1.9877438110e-21    3.7627367787e-07    1.5969130681e-22
   2.7500000    6.3687292875e-05   -1.8316798925e-21    3.0406536214e-07    1.2012304433e-22
   3.0000000    6.3136107853e-05   -2.2579126905e-21    2.2549936226e-07    7.4398273913e-23
   3.2500000    6.2592331653e-05   -2.8590677745e-21    1.2574143395e-07    5.5347192151e-23
   3.5000000    6.2056199287e-05   -1.7317390304e-21    4.7926848048e-09    5.8984100818e-23
   3.7500000    6.1527954183e-05   -2.1931105157e-21   -1.2460136831e-07    8.3792083120e-23
   4.0000000    6.1007848488e-05   -1.6200819501e-21   -2.4834658633e-07    1.0133154447e-22
   4.2500000    6.0496143387e-05   -2.3479027758e-21   -3.6010485449e-07    9.5424874813e-23
   4.5000000    5.9993109416e-05   -2.0174216775e-21   -4.6206927365e-07    9.7065267434e-23
   4.7500000    5.9499026770e-05   -2.1909469523e-21   -5.6033261231e-07    7.6688756672e-23
   5.0000000    5.9014185494e-05   -1.3394736100e-21   -6.6028219795e-07    5.3147523831e-23
   5.2500000    5.8538886027e-05   -2.0525762151e-21   -7.6443219105e-07    5.6467570062e-23
   5.5000000    5.8073439694e-05   -2.1627986778e-21   -8.7236903764e-07    6.0478417749e-23
   5.7500000    5.7618168859e-05   -2.4195560858e-21   -9.8193477915e-07    5.9018144595e-23
   6.0000000    5.7173406779e-05   -1.6606517868e-21   -1.0907711376e-06    5.1917928976e-23
   6.2500000    5.6739498062e-05   -1.5890450240e-21   -1.1972776626e-06    6.9116845258e-23
   6.5000000    5.6316799403e-05   -2.0924635463e-21   -1.3006040767e-06    7.4230420759e-23
   6.7500000    5.5905680125e-05   -1.9828090464e-21   -1.4002181284e-06    5.4676034948e-23
   7.0000000    5.5506524189e-05   -1.6404939374e-21   -1.4957772676e-06    6.1819926413e-23
   7.2500000    5.5119734582e-05   -1.6699249327e-21   -1.5873855050e-06    6.4572008824e-23
   7.5000000    5.4745730953e-05   -1.8707805161e-21   -1.6757853019e-06    8.6257815834e-23
   7.7500000    5.4384932634e-05   -1.6063398654e-21   -1.7621751504e-06    4.7320298821e-23
   8.0000000    5.4037744828e-05   -1.2797746999e-21   -1.8477678463e-06    6.2989714436e-23
   8.2500000    5.3704582434e-05   -1.3149516349e-21   -1.9333648942e-06    9.8116762021e-23
   8.5000000    5.3385926632e-05   -1.7574964273e-21   -2.0191109739e-06    6.4447775422e-23
   8.7500000    5.3082348644e-05   -1.7350825511e-21   -2.1044935816e-06    2.9003297600e-23
   9.0000000    5.2794447062e-05   -1.2433473258e-21   -2.1886257547e-06    5.8607542371e-23
   9.2500000    5.2522743032e-05   -1.4787865040e-21   -2.2707309420e-06    6.6195015954e-23
   9.5000000    5.2267641880e-05   -1.4128179317e-21   -2.3505619061e-06    4.9134250491e-23
   9.7500000    5.2029506480e-05   -1.5481707249e-21   -2.4284807052e-06    1.9041054625e-23
  10.0000000    5.1808781914e-05   -1.9351344043e-21   -2.5051882390e-06    1.9078910682e-23
  10.2500000    5.1606108905e-05   -1.8165027114e-21   -2.5813471620e-06    1.5797815708e-24
  10.5000000    5.1422408227e-05   -1.7279905287e-21   -2.6573229009e-06    3.4918869306e-23
  10.7500000    5.1258810799e-05   -1.7450672339e-21   -2.7330702907e-06    3.4319943852e-23
  11.0000000    5.1116176646e-05   -2.1877839088e-21   -2.8081196732e-06    8.9664227522e-24
  11.2500000    5.0994346756e-05   -1.2602505722e-21   -2.8817305224e-06    3.2242411695e-23
  11.5000000    5.0892256879e-05   -1.3910465403e-21   -2.9533208851e-06    4.7344145594e-23
  11.7500000    5.0810177611e-05   -1.1927782114e-21   -3.0230426851e-06    3.3494125687e-23
  12.0000000    5.0752857567e-05   -1.8635155801e-21   -3.0920660937e-06   -1.1688485717e-23
  12.2500000    5.0728514136e-05   -1.5298809272e-21   -3.1621879300e-06    1.9356617585e-23
  12.5000000    5.0739306667e-05   -1.1660906141e-21   -3.2348828097e-06   -8.6560173234e-24
  12.7500000    5.0769080502e-05   -1.5541830101e-21   -3.3104094746e-06    2.4788368975e-23
  13.0000000    5.0787178468e-05   -1.7818228443e-21   -3.3875471181e-06    2.1332331862e-23
  13.2500000    5.0782818255e-05   -1.6267044653e-21   -3.4640009030e-06    2.5836435893e-23
  13.5000000    5.0809734665e-05   -1.7668125392e-21   -3.5370511452e-06    7.3485848721e-23
  13.7500000    5.0980335497e-05   -1.2015016703e-21   -3.6040559339e-06    1.2301984935e-23
  14.0000000    5.1363102278e-05   -1.8332090627e-21   -3.6627825640e-06    1.6551631495e-23
  14.2500000    5.1838303781e-05   -2.2325530208e-21   -3.7117553273e-06   -2.7920738173e-23
  14.5000000    5.2081813494e-05   -1.7862880295e-21   -3.7506598901e-06    6.6923309904e-24
  14.7500000    5.1816992105e-05   -1.1836063622e-21   -3.7805889923e-06    3.3052224110e-23
  15.0000000    5.1220894314e-05   -1.5111134359e-21   -3.8038776393e-06    3.7350425132e-23
  15.2500000    5.1068266247e-05   -1.1051213511e-21   -3.8234934122e-06    2.3194921283e-23
  15.5000000    5.2223098183e-05   -2.6494684394e-21   -3.8421993842e-06   -6.0026285527e-23
  15.7500000    5.4652162062e-05   -3.8923751507e-21   -3.8617978902e-06    8.0077394975e-24
  16.0000000    5.6867544786e-05   -3.7223838983e-21   -3.8826915183e-06    2.7420839649e-23
  16.2500000    5.6756581644e-05   -5.2823162263e-22   -3.9038696431e-06   -3.6440590022e-23
  16.5000000    5.3633958638e-05    3.0782606642e-21   -3.9233182744e-06    2.6287973416e-23
  16.7500000    4.9792175571e-05    4.2707101938e-21   -3.9387521936e-06   -3.3255094369e-23
  17.0000000    4.9525960734e-05   -6.3860401564e-22   -3.9484624177e-06    3.2814170195e-23
  17.2500000    5.5517724203e-05   -9.8585256820e-21   -3.9519942502e-06   -1.4066317861e-23
  17.5000000    6.5307703945e-05   -1.6799010793e-20   -3.9503940414e-06    8.3891309583e-23
  17.7500000    7.1522393930e-05   -1.5635959947e-20   -3.9459205497e-06    1.2431688252e-22
  18.0000000    6.7010166736e-05   -2.1374425364e-21   -3.9413451430e-06    1.4428219478e-22
  18.2500000    5.1656579365e-05    1.3370186011e-20   -3.9391368083e-06    1.3870250841e-22
  18.5000000    3.5144520544e-05    2.3412109974e-20   -3.9408425710e-06    1.8571619788e-22
  18.7500000    3.1893480030e-05    2.2172463951e-20   -3.9468378925e-06    2.6252020879e-22
  19.0000000    5.0138009761e-05    7.0128816544e-21   -3.9564326552e-06    2.4283315209e-22
  19.2500000    8.2843595892e-05   -1.6513276939e-20   -3.9681834988e-06    2.7652311751e-22
  19.5000000    1.0913349502e-04   -2.6617163441e-20   -3.9802362261e-06    3.4879255678e-22
  19.7500000    1.0834812834e-04   -3.3733616029e-20   -3.9905785475e-06    2.4397413796e-22
  20.0000000    7.7685307463e-05   -3.7096983964e-20   -3.9971741039e-06    2.2571319289e-22
  20.2500000    3.7911870127e-05   -3.9570378411e-20   -3.9980233536e-06    1.1279581403e-22
  20.5000000    1.8814178489e-05   -3.2133617868e-20   -3.9912276374e-06    5.2790410653e-23
  20.7500000    3.4268889445e-05   -3.0983593208e-22   -3.9751087675e-06    4.0891116759e-23
  21.0000000    6.9604476262e-05    5.0132427198e-20   -3.9483723620e-06   -5.9459054690e-23
  21.2500000    9.5660827970e-05    1.1065013272e-19   -3.9102384240e-06   -4.0379833807e-23
  21.5000000    9.8009989568e-05    1.3148677061e-19   -3.8604436967e-06   -1.7115196329e-22
  21.7500000    9.0900079558e-05    7.5348628838e-20   -3.7990742041e-06   -1.8265193470e-22
  22.0000000    9.8339420655e-05   -3.4360332718e-20   -3.7262904255e-06   -1.5367428712e-22
  22.2500000    1.2022466708e-04   -1.5032824189e-19   -3.6421005191e-06   -1.9618864734e-22
  22.5000000    1.2280287623e-04   -2.0725281996e-19   -3.5463424185e-06   -1.8181006475e-22
  22.7500000    7.1989590264e-05   -1.7839608603e-19   -3.4389070218e-06   -4.0104802112e-23
  23.0000000   -1.8395579957e-05   -7.9030972639e-20   -3.3200149119e-06   -9.7540459777e-24
  23.2500000   -7.7073891255e-05    2.2327473539e-20   -3.1902148131e-06   -1.1100521432e-23
  23.5000000   -2.8371377893e-05    1.0600592244e-19   -3.0499284402e-06   -1.0322363594e-23
  23.7500000    1.3206435712e-04    1.2665326729e-19   -2.8988826202e-06    6.5035191683e-23
  24.0000000    3.1177054651e-04    1.2728557682e-19   -2.7362777846e-06    1.0546103043e-22
  24.2500000    3.8039166287e-04    1.1092730897e-19   -2.5623113702e-06    5.8836851406e-23
  24.5000000    2.7180750026e-04    8.4144838238e-20   -2.3802603305e-06    1.4455876029e-22
  24.7500000    4.4335378451e-05    2.2962436302e-20   -2.1965331499e-06    1.1582813640e-22
  25.0000000   -1.5495839078e-04   -7.3918557413e-20   -2.0161619737e-06    8.6919793479e-23
  25.2500000   -1.9637754038e-04   -1.4130886386e-19   -1.8350896290e-06    6.0074650008e-23
  25.5000000   -5.9787722919e-05   -1.7809361456e-19   -1.6368395070e-06    1.2595596674e-22
  25.7500000    1.5914394806e-04   -1.6347160567e-19   -1.4031951727e-06    7.4029395291e-23
  26.0000000    3.2777040655e-04   -1.0235091003e-19   -1.1387908354e-06    1.1929232272e-22
  26.2500000    3.7140957985e-04   -2.9439807493e-20   -8.8929759326e-07    1.8064402552e-22
  26.5000000    3.1033432582e-04   -4.8473260942e-20   -7.1970304960e-07    1.7009008788e-22
  26.7500000    2.2123484623e-04   -1.2248158117e-19   -6.3855370336e-07    2.0519014956e-22
  27.0000000    1.6803434334e-04   -1.8475845167e-19   -5.1237587410e-07    1.2496497046e-22
  27.2500000    1.6053054132e-04   -2.0261629103e-19   -7.3413230222e-08    2.0277088134e-22
  27.5000000    1.6273502210e-04   -5.5213492891e-20    8.8904915413e-07    4.3321522885e-22
  27.7500000    1.3001835120e-04    1.9304790537e-19    2.1937522895e-06    8.9249192900e-22
  28.0000000    4.1678634329e-05    5.2016254600e-19    3.0249442141e-06    9.7850676403e-22
  28.2500000   -8.8928820276e-05    8.4575540960e-19    2.1254612964e-06    6.6357826624e-22
  28.5000000   -2.2363611140e-04    9.4502751690e-19   -1.3760563812e-06   -4.5083248079e-22
  28.7500000   -3.1362944559e-04    7.8676944374e-19   -6.7321595732e-06   -1.8372803561e-21
  29.0000000   -3.0819293884e-04    3.3972392195e-19   -1.0694202573e-05   -2.1458585098e-21
  29.2500000   -1.6483357608e-04   -3.0048814872e-19   -8.0186046150e-06    1.4463329239e-22
  29.5000000    1.2594678437e-04   -8.9989865606e-19    5.9338906204e-06    4.3630624941e-21
  29.7500000    5.0667405919e-04   -1.2880091447e-18    3.0933514480e-05    8.1980443868e-21
  30.0000000    8.4104902964e-04   -1.3589508778e-18    5.8044437704e-05    6.1863815401e-21
  30.2500000    9.5657231283e-04   -1.0887357338e-18    6.9579757517e-05   -8.0596207095e-22
  30.5000000    7.3431830551e-04   -5.4298833742e-19    4.5670772641e-05   -8.2031030801e-21
  30.7500000    1.9096158268e-04    1.4266367024e-19   -2.3064319210e-05   -1.0575000538e-20
  31.0000000   -5.0615587714e-04    7.9085508119e-19   -1.2252010593e-04   -2.9724166548e-21
  31.2500000   -1.1034499885e-03    1.1511342664e-18   -2.1132476234e-04    8.0426264949e-21
  31.5000000   -1.3659445892e-03    1.1681481303e-18   -2.3387614473e-04    3.5182518311e-21
  31.7500000   -1.1703948222e-03    9.6344534073e-19   -1.4862226288e-04   -3.1893684917e-20
  32.0000000   -5.5496548953e-04    4.6422073557e-19    4.1995221393e-05   -7.1495322195e-20
  32.2500000    2.8474586601e-04    1.0507882619e-19    2.7950866543e-04   -7.7809336655e-20
  32.5000000    1.0545560429e-03   -1.0334756583e-19    4.6784122100e-04    1.3438621199e-20
  32.7500000    1.4662723746e-03   -1.3997199811e-20    5.1656822675e-04    1.6780703380e-19
  33.0000000    1.3552452451e-03    7.0893017725e-20    3.8602227812e-04    3.2892275295e-19
  33.2500000    7.5646247942e-04    1.6731974741e-19    1.0827089115e-04    3.4310685709e-19
  33.5000000   -1.0738703757e-04   -9.8176997729e-20   -2.2682998567e-04    1.5622065069e-19
  33.7500000   -9.2671643903e-04   -5.6341235651e-19   -5.0910254649e-04   -2.3067637240e-19
  34.0000000   -1.4415657467e-03   -1.1398471551e-18   -6.4607314331e-04   -6.3479668838e-19
  34.2500000   -1.5397268168e-03   -1.5236188470e-18   -5.8635475567e-04   -8.2015519045e-19
  34.5000000   -1.2705619027e-03   -1.5262735416e-18   -3.3070366926e-04   -6.2674776582e-19
  34.7500000   -7.8465676893e-04   -9.7992774833e-19    5.9523952746e-05   -1.9902761841e-20
  35.0000000   -2.5044192658e-04   -9.6478607217e-20    4.5966420071e-04    5.7456544842e-19
  35.2500000    2.0261432155e-04    8.0689936874e-19    7.0553597101e-04    9.4463593314e-19
  35.5000000    4.9964881231e-04    1.4533999143e-18    6.6011112895e-04    9.1196368322e-19
  35.7500000    6.1253300535e-04    1.7192742434e-18    3.0261363245e-04    5.1292741588e-19
  36.0000000    5.5027410550e-04    1.4937094529e-18   -2.2063643379e-04   -2.2458240729e-21
  36.2500000    3.5288054553e-04    9.0755192688e-19   -6.4218141252e-04   -4.8400761309e-19
  36.5000000    8.0230410032e-05    2.3229001729e-19   -7.1463423191e-04   -7.2048310889e-19
  36.7500000   -2.0846502091e-04   -4.4790985807e-19   -3.6643847054e-04   -7.4911347163e-19
  37.0000000   -4.7474775252e-04   -9.5037265822e-19    2.3722180381e-04   -5.4667802319e-19
  37.2500000   -7.0484799303e-04   -1.1533253982e-18    7.8143034907e-04   -9.7874151585e-20
  37.5000000   -8.9273971940e-04   -1.1597712779e-18    9.8444500818e-04    4.5693584958e-19
  37.7500000   -1.0159046596e-03   -9.0285668294e-19    7.5374490244e-04    8.3914903582e-19
  38.0000000   -1.0260973496e-03   -5.3735629214e-19    2.1612245311e-04    8.7310031365e-19
  38.2500000   -8.6803170904e-04   -1.0223726426e-19   -3.7983276734e-04    3.0478345612e-19
  38.5000000   -5.1820964980e-04    3.4635229953e-19   -8.0315317773e-04   -5.9511937759e-19
  38.7500000   -1.9610154855e-05    6.8784628136e-19   -9.2813065532e-04   -1.2949231573e-18
  39.0000000    5.1244094445e-04    8.7859781904e-19   -7.4104631335e-04   -1.3371271211e-18
  39.2500000    9.2215995996e-04    8.7404142370e-19   -3.0584063328e-04   -4.7718963753e-19
  39.5000000    1.0706463343e-03    7.0658102717e-19    2.5917980391e-04    7.7650484102e-19
  39.7500000    8.9258052852e-04    4.3583223255e-19    7.8603778466e-04    1.7363743563e-18
  40.0000000    4.2670462412e-04    1.2848745328e-19    1.0793715808e-03    1.6970306960e-18
  40.2500000   -1.9276048436e-04   -1.2198920359e-19    9.8589254349e-04    6.9653048481e-19
  40.5000000   -7.7952986406e-04   -2.8739201013e-19    4.8826194074e-04   -6.8335721370e-19
  40.7500000   -1.1560005397e-03   -4.0226331656e-19   -2.4418870875e-04   -1.5973861583e-18
  41.0000000   -1.2090300326e-03   -4.7814363565e-19   -9.0520824497e-04   -1.4703538690e-18
  41.2500000   -9.2243282782e-04   -5.4131210338e-19   -1.1941064585e-03   -4.8170456570e-19
  41.5000000   -3.7771516077e-04   -5.7754368385e-19   -9.7235220211e-04    6.4424062307e-19
  41.7500000    2.7415997228e-04   -5.5847355823e-19   -3.3722515223e-04    1.1916549233e-18
  42.0000000    8.5862168917e-04   -3.9983165198e-19    4.3282562894e-04    8.7465958316e-19
  42.2500000    1.2261607852e-03   -7.1183686579e-20    1.0233478188e-03   -1.8244889211e-20
  42.5000000    1.2907044978e-03    3.1631486634e-19    1.2309086874e-03   -8.3151102969e-19
  42.7500000    1.0493919339e-03    6.6333061890e-19    1.0345324977e-03   -1.0838239310e-18
  43.0000000    5.8086829212e-04    9.5468845109e-19    5.6984233280e-04   -6.4688719234e-19
  43.2500000    2.3665710457e-05    9.2283866034e-19    3.9856561441e-05    1.7298224432e-19
  43.5000000   -4.6041076706e-04    5.6800941674e-19   -3.8074717286e-04    9.4081860383e-19
  43.7500000   -7.3008769693e-04   -2.3055423214e-20   -6.0286230484e-04    1.2547009757e-18
  44.0000000   -7.0523842206e-04   -6.9643081414e-19   -6.2615838139e-04    1.0070924303e-18
  44.2500000   -3.9270317418e-04   -1.2371113977e-18   -5.0262580376e-04    4.4434143985e-19
  44.5000000    1.1239807659e-04   -1.3895542017e-18   -2.9209218061e-04   -1.5403753016e-19
  44.7500000    6.5346005544e-04   -1.0033752280e-18   -3.8306822803e-05   -6.0256190708e-19
  45.0000000    1.0615179472e-03   -3.1202312553e-19    2.2623828354e-04   -8.2651303227e-19
  45.2500000    1.2115960814e-03    6.2471010215e-19    4.6176521628e-04   -8.2046136910e-19
  45.5000000    1.0662937256e-03    1.5353133787e-18    6.1294123256e-04   -5.8429293986e-19
  45.7500000    6.8942600890e-04    2.0449252092e-18    6.2412812026e-04   -4.6722613496e-19
  46.0000000    2.2299823060e-04    2.0002030095e-18    4.7061432395e-04   -3.2909124280e-19
  46.2500000   -1.6490875427e-04    1.4061385503e-18    1.8406755087e-04   -3.8393734095e-19
  46.5000000   -3.4173634725e-04    4.2313397786e-19   -1.4755444860e-04   -3.4607027958e-19
  46.7500000   -2.5768713462e-04   -7.8185496054e-19   -4.0900371672e-04   -9.9773191141e-20
  47.0000000    3.9520831310e-05   -1.7210244686e-18   -5.0093391789e-04    3.8451692409e-19
  47.2500000    4.2720395516e-04   -2.2183397055e-18   -3.7641031984e-04    1.0320140538e-18
  47.5000000    7.5730518220e-04   -2.1831366382e-18   -5.8208639358e-05    1.6538467961e-18
  47.7500000    9.1242722984e-04   -1.6516394651e-18    3.6482502517e-04    1.7886630303e-18
  48.0000000    8.4631745880e-04   -7.3766518546e-19    7.5791636208e-04    1.3282990528e-18
  48.2500000    5.9447383373e-04    2.3957790620e-19    9.7275968418e-04    2.4391782048e-19
  48.5000000    2.5343393399e-04    1.0929537931e-18    8.8934867024e-04   -9.8199349654e-19
  48.7500000   -6.0326928052e-05    1.5389813439e-18    4.6153127263e-04   -1.9356759480e-18
  49.0000000   -2.5416194122e-04    1.6324174138e-18   -2.4709878572e-04   -2.2177425422e-18
  49.2500000   -2.8892398578e-04    1.3344073060e-18   -1.0565757888e-03   -1.7889381908e-18
  49.5000000   -1.8524610954e-04    7.7812956688e-19   -1.7083253008e-03   -9.1636160758e-19
  49.7500000   -7.2926827576e-06    1.3406906362e-19   -1.9457229935e-03    1.0441462554e-19
  50.0000000    1.6672297902e-04   -4.2860869235e-19   -1.6131702408e-03    8.7164209161e-19
  50.2500000    2.7435087666e-04   -8.1886184147e-19   -7.3418832925e-04    1.3372800483e-18
  50.5000000    2.8805837918e-04   -9.8250739094e-19    4.6910902837e-04    1.4457485672e-18
  50.7500000    2.1854705440e-04   -8.8975820165e-19    1.6318854126e-03    1.1848739441e-18
  51.0000000    1.0383855185e-04   -6.5018351153e-19    2.3635066288e-03    5.6898703200e-19
  51.2500000   -9.3024285771e-06   -2.9707650742e-19    2.3842391111e-03   -1.8963313008e-19
  51.5000000   -8.3470602199e-05    5.6698197306e-20    1.6304424001e-03   -1.0545006497e-18
  51.7500000   -1.0187330813e-04    3.2102084595e-19    2.8842692304e-04   -1.5110178162e-18
  52.0000000   -7.0117252540e-05    4.8411681388e-19   -1.2564491635e-03   -1.4035313624e-18
  52.2500000   -9.8454563458e-06    5.0875298325e-19   -2.5395045414e-03   -6.7929410856e-19
  52.5000000    5.1837662727e-05    4.1428217303e-19   -3.1670040070e-03    2.5039699423e-19
  52.7500000    9.2575810896e-05    2.6044137240e-19   -2.9482732349e-03    1.1567659059e-18
  53.0000000    1.0116228443e-04    7.0108273867e-20   -1.9640764383e-03    1.5558118385e-18
  53.2500000    7.8797164134e-05   -8.6155424345e-20   -5.4319251484e-04    1.3729805524e-18
  53.5000000    3.5972503373e-05   -1.8569114526e-19    8.5033294190e-04    6.1718928177e-19
  53.7500000   -1.2889866427e-05   -2.1855031212e-19    1.7813536487e-03   -2.0904475780e-19
  54.0000000   -5.4654216494e-05   -1.9009043685e-19    1.9964719796e-03   -8.8658438630e-19
  54.2500000   -8.0825326963e-05   -1.2113889247e-19    1.5037274953e-03   -1.1943807928e-18
  54.5000000   -8.8483189711e-05   -4.1610301847e-20    5.4743265865e-04   -1.0268105246e-18
  54.7500000   -7.9305670939e-05    2.7635834462e-20   -5.0697074394e-04   -5.2344879836e-19
  55.0000000   -5.7741241666e-05    6.6626847581e-20   -1.3232903120e-03    9.9864278016e-20
  55.2500000   -2.9325361795e-05    7.4836324986e-20   -1.7127593273e-03    6.9026215389e-19
  55.5000000    3.6077618433e-07    5.9397169373e-20   -1.6732460097e-03    1.0235076464e-18
  55.7500000    2.6155871834e-05    3.1975372716e-20   -1.3447705436e-03    1.1328130370e-18
  56.0000000    4.3601174238e-05    6.6962454658e-21   -9.1651509668e-04    9.3604093916e-19
  56.2500000    4.9401625257e-05   -9.2402410805e-21   -5.3739676001e-04    5.8718624322e-19
  56.5000000    4.2134659565e-05   -1.2596202213e-20   -2.7027395259e-04    1.5701448138e-19
  56.7500000    2.2941213910e-05   -5.1478709976e-21   -1.0011202817e-04   -2.4258320171e-19
  57.0000000   -4.2356397289e-06    8.4095933801e-21    2.2146422748e-05   -4.9247948257e-19
  57.2500000   -3.3207420590e-05    1.5567651614e-20    1.3145035259e-04   -6.4907201440e-19
  57.5000000   -5.6929961876e-05    1.7217206366e-20    2.2261632143e-04   -6.8379576323e-19
  57.7500000   -6.9393926081e-05    1.0656484982e-20    2.5622278491e-04   -6.2460714288e-19
  58.0000000   -6.7422407064e-05    1.4030377390e-21    1.8844316946e-04   -5.4802074210e-19
  58.2500000   -5.1747689618e-05   -9.4666637746e-21    5.9078216239e-06   -5.0574093909e-19
  58.5000000   -2.6951698164e-05   -1.8685052196e-20   -2.5405116081e-04   -4.6218866007e-19
  58.7500000   -2.3141388470e-07   -2.3252677704e-20   -5.0920941742e-04   -4.2856107821e-19
  59.0000000    2.0655482221e-05   -2.0626459533e-20   -6.6288902146e-04   -3.2533553582e-19
  59.2500000    2.9646367408e-05   -1.6504304966e-20   -6.4562135504e-04   -6.7542080672e-20
  59.5000000    2.4164700665e-05   -9.2791414652e-21   -4.4862470925e-04    2.5487541156e-19
  59.7500000    5.9383479347e-06   -1.1084294929e-21   -1.3256063236e-04    6.7565606407e-19
  60.0000000   -1.9379230745e-05    5.2167239891e-21    1.9405484159e-04    1.0990383002e-18
  60.2500000   -4.3697341747e-05    8.5679944411e-21    4.1828892241e-04    1.4182872549e-18
  60.5000000   -5.8727391499e-05    1.1137447639e-20    4.6910929480e-04    1.4901726057e-18
  60.7500000   -5.8420873951e-05    1.2144070612e-20    3.4609487503e-04    1.2880540619e-18
  61.0000000   -4.0961945461e-05    1.0036191864e-20    1.1824916994e-04    8.1178071644e-19
  61.2500000   -9.7129030674e-06    7.4964398157e-21   -1.0572320546e-04    8.0757559193e-20
  61.5000000    2.7282587288e-05    4.4721070483e-21   -2.2201373815e-04   -7.1715896152e-19
  61.7500000    5.9269857450e-05    2.3067425294e-21   -1.7217220401e-04   -1.4262501106e-18
  62.0000000    7.5810549713e-05    2.1520557664e-21    3.6298851566e-05   -1.9166018682e-18
  62.2500000    7.0051482320e-05    1.4717600951e-21    3.3558448745e-04   -2.0272159752e-18
  62.5000000    4.1221612680e-05    3.4763956055e-21    6.2508148453e-04   -1.7399625536e-18
  62.7500000   -4.5416735301e-06    2.5298454696e-21    8.0876745340e-04   -1.1529715743e-18
  63.0000000   -5.5488344780e-05   -1.0658615992e-21    8.2811245267e-04   -3.5978831273e-19
  63.2500000   -9.7450646218e-05   -7.1724729530e-21    6.7943156802e-04    4.9285411299e-19
  63.5000000   -1.1803536098e-04   -1.2692040811e-20    4.1140200759e-04    1.1778419194e-18
  63.7500000   -1.1049366478e-04   -1.8269539947e-20    1.0600012164e-04    1.5633373916e-18
  64.0000000   -7.5980272859e-05   -1.7603021397e-20   -1.4856927889e-04    1.5869317428e-18
  64.2500000   -2.3408151150e-05   -1.2165781477e-20   -2.8307971080e-04    1.2219637010e-18
  64.5000000    3.3108525364e-05   -2.1240079621e-21   -2.6338284212e-04    6.7486074405e-19
  64.7500000    7.8431676359e-05    1.0315359060e-20   -9.4888453773e-05    3.4197216874e-20
  65.0000000    1.0087235848e-04    1.9358359242e-20    1.8280337529e-04   -5.4301782531e-19
  65.2500000    9.5549270225e-05    2.1871744302e-20    5.0727585236e-04   -8.8279908018e-19
  65.5000000    6.5608299415e-05    2.0880264940e-20    8.0712404730e-04   -9.4803233336e-19
  65.7500000    2.0992447290e-05    1.1866854237e-20    1.0160571198e-03   -7.5714874893e-19
  66.0000000   -2.4764402935e-05    1.6879072764e-21    1.0859755117e-03   -4.4293421539e-19
  66.2500000   -5.8660151326e-05   -5.4416270467e-21    9.9747429318e-04   -3.3849577661e-20
  66.5000000   -7.1991377714e-05   -1.1308735121e-20    7.6547122761e-04    3.3029908640e-19
  66.7500000   -6.2682403932e-05   -1.4833138454e-20    4.3763079424e-04    5.6963999679e-19
  67.0000000   -3.5581428812e-05   -1.4018372013e-20    8.4665118248e-05    6.4377104440e-19
  67.2500000   -7.3486316336e-07   -1.0986916626e-20   -2.1593930558e-04    6.2196607232e-19
  67.5000000    2.9799371101e-05   -4.1761683409e-21   -3.9887396811e-04    4.5695989632e-19
  67.7500000    4.5671569189e-05   -1.4299464787e-21   -4.2761148630e-04    2.3375990340e-19
  68.0000000    4.1441871128e-05    1.6056868159e-21   -3.0408686655e-04   -6.2089210754e-21
  68.2500000    1.8343869917e-05    6.9963065457e-21   -6.8589274853e-05   -1.8873518958e-19
  68.5000000   -1.5949751639e-05    1.0549548109e-20    2.1061360162e-04   -3.2903662784e-19
  68.7500000   -4.9585280790e-05    1.2304421472e-20    4.5573915957e-04   -3.8077453919e-19
  69.0000000   -7.0226871176e-05    9.4902221652e-21    6.0133329056e-04   -4.0423976293e-19
  69.2500000   -6.9096881830e-05    2.0391181478e-21    6.1307530379e-04   -3.5254966812e-19
  69.5000000   -4.4042818135e-05   -6.2730518067e-21    4.9721661407e-04   -2.8020649748e-19
  69.7500000   -5.5414418234e-07   -1.5876255211e-20    2.9689124646e-04   -1.6322902692e-19
  70.0000000    4.9681545577e-05   -2.3448350549e-20    7.6144695906e-05   -3.6940083161e-20
  70.2500000    9.2238776760e-05   -1.9291318838e-20   -1.0258535363e-04    9.4034098830e-20
  70.5000000    1.1429241714e-04   -1.1354020028e-20   -1.9898684248e-04    2.0198863763e-19
  70.7500000    1.0843709031e-04    3.9995891100e-21   -2.0567894487e-04    2.9533100829e-19
  71.0000000    7.4835380703e-05    2.1424971451e-20   -1.4586188227e-04    3.3964870887e-19
  71.2500000    2.1142583231e-05    3.6327764329e-20   -6.0015308498e-05    3.0980475615e-19
  71.5000000   -3.9643461540e-05    4.0496053451e-20    1.1846099717e-05    2.1634717636e-19
  71.7500000   -9.2690513222e-05    3.5414623171e-20    4.4805989168e-05    5.7781150726e-20
  72.0000000   -1.2517900449e-04    1.9103232386e-20    3.5350948875e-05   -9.6522309812e-20
  72.2500000   -1.2946385744e-04   -6.3126110732e-21   -1.6899931308e-06   -2.2997752312e-19
  72.5000000   -1.0478005837e-04   -2.6968605054e-20   -4.2722340169e-05   -2.9709349753e-19
  72.7500000   -5.7151370763e-05   -4.7075385035e-20   -6.6614410123e-05   -2.9094744218e-19
  73.0000000    2.3465209895e-06   -5.4135862702e-20   -6.2981079752e-05   -1.9827888929e-19
  73.2500000    6.0402299324e-05   -4.9517370838e-20   -3.4873370842e-05   -7.0196989549e-20
  73.5000000    1.0458371279e-04   -3.1370036325e-20    4.2259207653e-06    6.1772794783e-20
  73.7500000    1.2600510769e-04   -6.6819100582e-21    3.7054032595e-05    1.7068274173e-19
  74.0000000    1.2103246284e-04    2.2129020090e-20    4.9735500921e-05    2.0932355185e-19
  74.2500000    9.1805540756e-05    4.6333268317e-20    3.6554538642e-05    1.8577528915e-19
  74.5000000    4.5595075498e-05    5.6032646008e-20    7.7917311116e-07    1.1323475738e-19
  74.7500000   -6.8416870042e-06    5.3954083300e-20   -4.8108713526e-05    1.4585964527e-20
  75.0000000   -5.3638208863e-05    3.5202906940e-20   -9.8830511376e-05   -6.9779877263e-20
  75.2500000   -8.4525243504e-05    6.8049240938e-21   -1.4193950848e-04   -1.2981414519e-19
  75.5000000   -9.3301972550e-05   -2.3004383974e-20   -1.7109134401e-04   -1.4878926778e-19
  75.7500000   -7.9415704148e-05   -3.9416500357e-20   -1.8209886004e-04   -1.2684494161e-19
  76.0000000   -4.8101699251e-05   -4.4229192257e-20   -1.7142483749e-04   -8.0946731522e-20
  76.2500000   -8.8951066670e-06   -3.2432175005e-20   -1.3609726694e-04   -1.3454906919e-20
  76.5000000    2.7148106644e-05   -9.4311385281e-21   -7.5902960410e-05    4.3164938773e-20
  76.7500000    5.0702202052e-05    1.9390548200e-20    3.2081698673e-06    8.3901524067e-20
  77.0000000    5.6859086504e-05    3.6555825455e-20    8.7031680264e-05    8.6874798930e-20
  77.2500000    4.6381268686e-05    3.8991432919e-20    1.5476256901e-04    7.0469765281e-20
  77.5000000    2.5137571076e-05    2.1672855832e-20    1.8501465636e-04    3.3306660009e-20
  77.7500000    1.9511374992e-06   -5.7962613473e-21    1.6422262191e-04   -1.3364427577e-20
  78.0000000   -1.4408732450e-05   -3.7089234166e-20    9.3587527075e-05   -5.0109231491e-20
  78.2500000   -1.8125284845e-05   -5.8117916633e-20   -9.1624678837e-06   -7.0369909071e-20
  78.5000000   -8.2253318588e-06   -5.5405694802e-20   -1.1471741895e-04   -7.1922759725e-20
  78.7500000    1.1124599776e-05   -3.5223935422e-20   -1.9214906907e-04   -5.1607953514e-20
  79.0000000    3.2039822072e-05    1.5525146122e-21   -2.1971066828e-04   -2.2184980797e-20
  79.2500000    4.5658163445e-05    4.0708659871e-20   -1.9186778301e-04    7.8636441920e-22
  79.5000000    4.5341342876e-05    7.1246264925e-20   -1.1981287609e-04    1.8387837276e-20
  79.7500000    2.9234731562e-05    7.7113266370e-20   -2.5818612996e-05    1.9689974657e-20
  80.0000000    1.2031148397e-06    6.0049538460e-20    6.5529169598e-05    1.1286853609e-20
  80.2500000   -3.0312313958e-05    2.4219589842e-20    1.3522932773e-04   -3.5021566978e-22
  80.5000000   -5.5180894676e-05   -2.3711804343e-20    1.7396829196e-04   -7.3547019331e-21
  80.7500000   -6.5149004125e-05   -6.1961230404e-20    1.8175486022e-04   -8.0950479684e-21
  81.0000000   -5.6707729155e-05   -8.4692851570e-20    1.6453258316e-04    1.4113194053e-20
  81.2500000   -3.2169873113e-05   -8.1459350857e-20    1.3016761442e-04    3.0777477738e-20
  81.5000000    1.3659882916e-06   -5.3947375382e-20    8.5765576300e-05    5.6894329099e-20
  81.7500000    3.4609965348e-05   -1.3343405557e-20    3.6981671902e-05    7.6145284108e-20
  82.0000000    5.9120650064e-05    2.9521714170e-20   -1.1269458899e-05    7.3535412953e-20
  82.2500000    6.9667360789e-05    5.9915166847e-20   -5.3868500714e-05    4.7204741866e-20
  82.5000000    6.5251977001e-05    6.9102280632e-20   -8.5239848759e-05    8.3456255329e-21
  82.7500000    4.8751106918e-05    5.8597629690e-20   -1.0004782914e-04   -3.8750321080e-20
  83.0000000    2.5604247486e-05    3.2343589131e-20   -9.4493879019e-05   -8.5429300809e-20
  83.2500000    2.1258052131e-06    6.3950884120e-21   -6.7647176572e-05   -1.1352301690e-19
  83.5000000   -1.6084184155e-05   -1.6396567972e-20   -2.2364828372e-05   -1.2107421946e-19
  83.7500000   -2.5345167394e-05   -2.0882898347e-20    3.4432586874e-05   -8.9681422748e-20
  84.0000000   -2.4572581836e-05   -1.4067136895e-20    9.2273088319e-05   -3.3428165086e-20
  84.2500000   -1.5353587388e-05    3.3827551150e-21    1.3858782309e-04    2.7922864519e-20
  84.5000000   -1.4159199004e-06    2.0839212871e-20    1.6117615701e-04    8.0880770330e-20
  84.7500000    1.2404658267e-05    2.9708941332e-20    1.5139578299e-04    1.1775431594e-19
  85.0000000    2.1458160994e-05    2.4214833553e-20    1.0724989277e-04    1.1805703941e-19
  85.2500000    2.2512804062e-05    3.7878151212e-21    3.5143395005e-05    1.0029205621e-19
  85.5000000    1.4626353793e-05   -2.1326784143e-20   -5.0794050724e-05    6.2982824309e-20
  85.7500000   -5.3342979077e-07   -4.6074528806e-20   -1.3213424185e-04    3.0268787511e-20
  86.0000000   -1.8979740208e-05   -5.9070466807e-20   -1.9146746667e-04   -1.7332535760e-21
  86.2500000   -3.5269964142e-05   -5.8269109739e-20   -2.1776822105e-04   -1.2658861902e-20
  86.5000000   -4.3822404355e-05   -4.2679928206e-20   -2.0972213578e-04   -6.6910381255e-21
  86.7500000   -4.0465017697e-05   -2.3306976981e-20   -1.7562431678e-04   -3.5518489268e-21
  87.0000000   -2.3860477108e-05    2.4561835820e-21   -1.2983068210e-04    4.1636931810e-22
  87.2500000    3.6479288515e-06    2.0471918829e-20   -8.7178836946e-05    3.9561722253e-21
  87.5000000    3.6181884019e-05    3.0676031791e-20   -5.7647818622e-05   -1.1369804315e-20
  87.7500000    6.5626989389e-05    3.1501600047e-20   -4.3411960532e-05   -2.1683764276e-20
  88.0000000    8.3841909776e-05    2.5297309245e-20   -3.9408679364e-05   -2.8420116390e-20
  88.2500000    8.5141228408e-05    1.6544180938e-20   -3.7024334316e-05   -2.9396809898e-20
  88.5000000    6.8227187339e-05    1.1418763067e-20   -2.9147818946e-05   -3.1443487378e-20
  88.7500000    3.6871198625e-05    5.6947572389e-21   -1.4229970606e-05   -3.1702756801e-20
  89.0000000   -9.5167797039e-07   -1.2213838732e-22    2.6019237542e-06   -1.8368424381e-20
  89.2500000   -3.5253290910e-05    1.0708757758e-22    1.2025519808e-05   -2.3978156500e-20
  89.5000000   -5.6887515336e-05   -1.3542982267e-21    5.5873538395e-06   -2.5228491695e-20
  89.7500000   -6.0196976797e-05   -4.7697819059e-21   -1.8982486705e-05   -3.8009621231e-20
  90.0000000   -4.4643581193e-05   -7.1193932826e-21   -5.4866831631e-05   -4.1388550636e-20
  90.2500000   -1.4923052932e-05   -5.9398062642e-21   -8.7437760512e-05   -5.0020723165e-20
  90.5000000    2.0477879278e-05   -2.7605343486e-21   -9.9656540352e-05   -3.8473979747e-20
  90.7500000    5.1840942895e-05    4.4196046063e-21   -7.9553187025e-05   -3.5216284001e-20
  91.0000000    7.1089676089e-05    9.2400856560e-21   -2.6516614367e-05   -1.5744659177e-20
  91.2500000    7.4060192495e-05    1.3855152476e-20    4.6678500986e-05   -1.1014426844e-22
  91.5000000    6.1449634650e-05    1.7772970662e-20    1.1752675731e-04    1.4479143926e-20
  91.7500000    3.8179984962e-05    1.6160078328e-20    1.6208321508e-04    2.6801351396e-20
  92.0000000    1.1470536592e-05    1.2055320554e-20    1.6466837771e-04    2.4131876385e-20
  92.2500000   -1.1648282087e-05    2.9041018837e-21    1.2490281614e-04    2.1439009288e-20
  92.5000000   -2.6494058967e-05   -5.6416690456e-21    5.8904296376e-05    1.6431102763e-20
  92.7500000   -3.1859998505e-05   -1.1037019215e-20   -6.1664944777e-06    1.9093835929e-20
  93.0000000   -2.9830682130e-05   -1.6440240524e-20   -4.2249243360e-05    1.6610588031e-20
  93.2500000   -2.4491549736e-05   -1.2753250964e-20   -3.1271227951e-05    1.5810911174e-20
  93.5000000   -2.0101266103e-05   -8.3953323022e-21    2.7506751874e-05    1.6003023871e-20
  93.7500000   -1.9421747302e-05   -3.5893305483e-21    1.1656059100e-04    1.2726380519e-20
  94.0000000   -2.2774019606e-05   -2.2440634537e-21    2.0594354483e-04    1.2252632210e-20
  94.2500000   -2.8083243155e-05   -6.4540767294e-22    2.6368340891e-04    1.8956307459e-20
  94.5000000   -3.1814705466e-05   -6.8593952296e-22    2.6690901914e-04    3.4122828780e-20
  94.7500000   -3.0408444047e-05    4.3626022494e-22    2.0976037074e-04    4.3225072541e-20
  95.0000000   -2.1681620808e-05   -5.5741633528e-22    1.0543515153e-04    5.1927400326e-20
  95.2500000   -5.7159170045e-06    1.6665104404e-21   -1.8134688176e-05    5.8529723331e-20
  95.5000000    1.5049802130e-05    2.5416933778e-21   -1.2729977658e-04    5.1990343601e-20
  95.7500000    3.6524135892e-05    2.9056786967e-21   -1.9323355483e-04    3.4038585604e-20
  96.0000000    5.4209850896e-05    4.3421036798e-21   -2.0047508585e-04   -3.4285343921e-21
  96.2500000    6.4575713282e-05    2.5317219740e-21   -1.5080366117e-04   -3.8618503710e-20
  96.5000000    6.6111804636e-05    1.4867925276e-21   -6.1493312383e-05   -8.6095956684e-20
  96.7500000    5.9737643086e-05    1.6957978039e-21    4.1041512988e-05   -1.0324403117e-19
  97.0000000    4.8444382288e-05    2.7806193279e-21    1.2969268486e-04   -1.1179573453e-19
  97.2500000    3.6303210054e-05    8.8190377995e-21    1.8418494578e-04   -9.0928190726e-20
  97.5000000    2.7180953771e-05    1.4952258924e-20    1.9533614639e-04   -4.9511994164e-20
  97.7500000    2.3595299740e-05    1.8044466849e-20    1.6520849865e-04    7.9035039578e-21
  98.0000000    2.6073505162e-05    1.8610193765e-20    1.0396852646e-04    5.9582181414e-20
  98.2500000    3.3176165952e-05    9.1787838178e-21    2.5364645305e-05    1.0206113704e-19
  98.5000000    4.2097541985e-05   -7.3922546404e-21   -5.7167937057e-05    1.1874066541e-19
  98.7500000    4.9566119446e-05   -3.0075627913e-20   -1.3257671023e-04    1.0867602285e-19
  99.0000000    5.2718736997e-05   -5.0771969567e-20   -1.9244665685e-04    6.8852917989e-20
  99.2500000    4.9708536766e-05   -6.5110578414e-20   -2.3040267651e-04    1.0065728230e-20
  99.5000000    3.9963251192e-05   -6.5380820905e-20   -2.4185434334e-04   -4.3882603580e-20
  99.7500000    2.4145420823e-05   -4.8680561326e-20   -2.2475085730e-04   -8.9553028807e-20
 100.0000000    3.9205533840e-06   -2.1343276057e-20   -1.8109303552e-04   -1.1246815482e-19
 100.2500000   -1.8376056226e-05    9.1298153718e-21   -1.1818609311e-04   -1.0020583555e-19
 100.5000000   -4.0124283587e-05    3.7318085314e-20   -4.8456754097e-05   -6.5714265165e-20
 100.7500000   -5.8828729731e-05    4.9952403216e-20    1.2787932588e-05   -1.1268507001e-20
 101.0000000   -7.2515492698e-05    4.6877591934e-20    5.1281647244e-05    3.6201701680e-20
 101.2500000   -8.0058455308e-05    3.0367713142e-20    5.8086870189e-05    8.3881762205e-20
 101.5000000   -8.1372315474e-05    8.3228627179e-21    3.2562474264e-05    1.0605968935e-19
 101.7500000   -7.7425044603e-05   -8.0476724913e-21   -1.7268719556e-05    9.6490540906e-20
 102.0000000   -7.0046529292e-05   -1.4110731898e-20   -7.7204706436e-05    7.0634064030e-20
 102.2500000   -6.1534070741e-05   -9.9137984155e-21   -1.3128718693e-04    2.3295551549e-20
 102.5000000   -5.4088234465e-05    1.2511772387e-20   -1.6648779055e-04   -2.6396528881e-20
 102.7500000   -4.9169938972e-05    3.2788237485e-20   -1.7597278218e-04   -7.6618124457e-20
 103.0000000   -4.6944991709e-05    5.5308216737e-20   -1.5996473387e-04   -1.0275293145e-19
 103.2500000   -4.6032380380e-05    6.2931732982e-20   -1.2426144364e-04   -1.0926365713e-19
 103.5000000   -4.3739383216e-05    5.4374814501e-20   -7.7359694699e-05   -9.2564741719e-20
 103.7500000   -3.6823909208e-05    3.1338912038e-20   -2.7494237188e-05   -5.7158826562e-20
 104.0000000   -2.2611059688e-05    3.1338319118e-21    1.9330065524e-05    2.8258557676e-22
 104.2500000   -1.0829258371e-07   -2.6799036260e-20    5.9862231064e-05    5.6178074699e-20
 104.5000000    2.9293400682e-05   -4.4616778073e-20    9.2919107241e-05    9.6712264084e-20
 104.7500000    6.1833338612e-05   -5.2022603645e-20    1.1817423263e-04    1.1279451312e-19
 105.0000000    9.2168157033e-05   -4.8838885634e-20    1.3519488740e-04    9.3378467722e-20
 105.2500000    1.1471737305e-04   -3.8451335678e-20    1.4325447659e-04    5.0099408721e-20
 105.5000000    1.2515785513e-04   -2.8477863936e-20    1.4200001776e-04   -1.5287538491e-20
 105.7500000    1.2160758352e-04   -1.9571920474e-20    1.3258454146e-04   -8.1533176727e-20
 106.0000000    1.0514025499e-04   -1.2618220192e-20    1.1856273989e-04   -1.2978059268e-19
 106.2500000    7.9479578816e-05   -1.0882173266e-20    1.0584094402e-04   -1.4167056435e-19
 106.5000000    4.9965125225e-05   -9.8518115684e-21    1.0132195488e-04   -1.1413167320e-19
 106.7500000    2.2089797535e-05   -7.2508972286e-21    1.1049359290e-04   -5.4655971899e-20
 107.0000000    2.9627934440e-08    1.5418388124e-21    1.3482463168e-04    2.2817467005e-20
 107.2500000   -1.4411504615e-05    8.2392229642e-21    1.7013823484e-04    9.2468892165e-20
 107.5000000   -2.2137562742e-05    1.9093034598e-20    2.0691497698e-04    1.4031075697e-19
 107.7500000   -2.6279356416e-05    2.4239135215e-20    2.3276073077e-04    1.6070850097e-19
 108.0000000   -3.1040059431e-05    2.4513154949e-20    2.3634887032e-04    1.5002844573e-19
 108.2500000   -4.0216200939e-05    1.9622430190e-20    2.1143624132e-04    1.1394851731e-19
 108.5000000   -5.5851363994e-05    1.1728096305e-20    1.5940537196e-04    5.9609407288e-20
 108.7500000   -7.7450619435e-05   -1.2359855497e-21    8.9295420625e-05    6.1712197340e-21
 109.0000000   -1.0201609892e-04   -1.0693435530e-20    1.5239792504e-05   -4.7272273408e-20
 109.2500000   -1.2490112194e-04   -1.4439200149e-20   -4.7783460155e-05   -8.3825290973e-20
 109.5000000   -1.4120403583e-04   -1.0628663411e-20   -8.8369640472e-05   -1.1124156068e-19
 109.7500000   -1.4723383151e-04   -5.6557505031e-21   -1.0175209933e-04   -1.1126007046e-19
 110.0000000   -1.4155597275e-04    6.4746536550e-21   -9.0567798134e-05   -9.4281477532e-20
 110.2500000   -1.2528587621e-04    1.7828424075e-20   -6.3268729397e-05   -4.5777060440e-20
 110.5000000   -1.0157938341e-04    2.9783465136e-20   -3.0964935968e-05    1.7451669156e-21
 110.7500000   -7.4559774615e-05    3.5029354108e-20   -3.9586117803e-06    4.5993114523e-20
 111.0000000   -4.8100525336e-05    3.6257206792e-20    1.0821529115e-05    8.1101614629e-20
 111.2500000   -2.4885681629e-05    3.1086743121e-20    1.0782307141e-05    7.4619782113e-20
 111.5000000   -6.0103330344e-06    2.1127546707e-20   -2.9622681148e-06    5.9035259932e-20
 111.7500000    8.8544999725e-06    6.8552916383e-21   -2.7185810065e-05    3.8930350801e-21
 112.0000000    2.0916793945e-05   -7.5360418954e-21   -5.8234169161e-05   -5.2105399254e-20
 112.2500000    3.1620953607e-05   -2.1183966241e-20   -9.3096523573e-05   -9.1647618139e-20
 112.5000000    4.2157227646e-05   -3.0238763439e-20   -1.2962145329e-04   -1.0442334838e-19
 112.7500000    5.3244147067e-05   -3.8233780715e-20   -1.6611496633e-04   -8.3779136880e-20
 113.0000000    6.5151583875e-05   -3.6416603849e-20   -2.0080182200e-04   -3.1567202578e-20
 113.2500000    7.7824143050e-05   -3.1803264092e-20   -2.3155624899e-04    2.1642431095e-20
 113.5000000    9.0946068092e-05   -2.2236314463e-20   -2.5602746187e-04    6.7506132242e-20
 113.7500000    1.0386211936e-04   -1.5603101432e-20   -2.7201595117e-04    9.6795331112e-20
 114.0000000    1.1539434268e-04    1.5032715163e-22   -2.7786253092e-04    8.7148931755e-20
 114.2500000    1.2370573213e-04    5.5293534281e-21   -2.7270039632e-04    5.2378084513e-20
 114.5000000    1.2639379896e-04    3.4139424091e-21   -2.5656566356e-04    1.1490637308e-21
 114.7500000    1.2092018079e-04    2.0063136511e-21   -2.3041468903e-04   -3.9193355462e-20
 115.0000000    1.0532269289e-04   -5.9491411266e-21   -1.9603653224e-04   -6.1444449316e-20
 115.2500000    7.8989060886e-05   -1.0119811625e-20   -1.5577466615e-04   -6.4292897454e-20
 115.5000000    4.3185943676e-05   -1.0768592643e-20   -1.1200853395e-04   -3.6687114528e-20
 115.7500000    1.0872635432e-06   -1.6157745420e-21   -6.6513130926e-05    6.8407836658e-22
 116.0000000   -4.2779797214e-05    1.2902505366e-20   -1.9991782396e-05    3.5640214065e-20
 116.2500000   -8.3529167790e-05    2.8329989246e-20    2.7904864307e-05    5.7358215864e-20
 116.5000000   -1.1703491948e-04    3.9971339830e-20    7.7972233988e-05    6.1648653067e-20
 116.7500000   -1.4080987238e-04    5.1207281442e-20    1.3048732920e-04    3.8776365960e-20
 117.0000000   -1.5437074544e-04    4.2603821127e-20    1.8435174576e-04    1.7624116926e-22
 117.2500000   -1.5900720121e-04    3.4764662774e-20    2.3678070400e-04   -3.8620390716e-20
 117.5000000   -1.5708120561e-04    1.4947908754e-20    2.8369703409e-04   -6.7514946886e-20
 117.7500000   -1.5113015860e-04   -3.5671905422e-21    3.2063523597e-04   -8.0000359353e-20
 118.0000000   -1.4308249597e-04   -2.3065491941e-20    3.4374582852e-04   -5.8465746081e-20
 118.2500000   -1.3381665728e-04   -3.4189649464e-20    3.5052237145e-04   -2.6668073535e-20
 118.5000000   -1.2314580859e-04   -3.4398124827e-20    3.4009357934e-04    1.8609857722e-20
 118.7500000   -1.1015629145e-04   -2.5830110494e-20    3.1316711309e-04    5.9851428703e-20
 119.0000000   -9.3725368941e-05   -1.5433141666e-20    2.7183636308e-04    7.8173117380e-20
 119.2500000   -7.3022417590e-05   -5.5250236546e-21    2.1942260388e-04    6.4492584024e-20
 119.5000000   -4.7848199236e-05    5.6971030714e-21    1.6038039096e-04    4.1264008255e-20
 119.7500000   -1.8753181197e-05    8.6726268311e-21    1.0015057742e-04    1.3297186841e-20
 120.0000000    1.3044734151e-05    1.2204998239e-20    4.4784962246e-05   -1.8804490736e-20
 120.2500000    4.5877097139e-05    7.7016718883e-21    2.2339680917e-07   -4.0312401584e-20
 120.5000000    7.7900661205e-05   -2.2984764283e-21   -2.8741736492e-05   -4.4407604775e-20
 120.7500000    1.0736653573e-04   -1.2784706446e-20   -3.9587765745e-05   -3.5506676095e-20
 121.0000000    1.3283044040e-04   -2.4705816945e-20   -3.2903088884e-05   -2.4967593760e-20
 121.2500000    1.5326206379e-04   -3.5167687140e-20   -1.2573293028e-05   -7.6330417469e-21
 121.5000000    1.6802614884e-04   -4.0445099448e-20    1.4890980617e-05   -1.0747661096e-21
 121.7500000    1.7673694114e-04   -4.4271223372e-20    4.1779656420e-05    9.4244306103e-22
 122.0000000    1.7903168962e-04   -4.1567325046e-20    6.0939673838e-05   -1.6923404474e-21
 122.2500000    1.7435276609e-04   -3.1177852541e-20    6.7272277918e-05   -1.2004704209e-20
 122.5000000    1.6184760572e-04   -1.4244463738e-20    5.8468206421e-05   -1.8822934278e-20
 122.7500000    1.4047186534e-04    4.7725736405e-21    3.4798636063e-05   -1.3116085985e-20
 123.0000000    1.0931369737e-04    2.5346830221e-20   -1.8128121220e-06   -8.1283936868e-21
 123.2500000    6.8068324582e-05    4.2971102244e-20   -4.8915230869e-05    4.4116902489e-21
 123.5000000    1.7518762464e-05    5.2026041614e-20   -1.0428973629e-04    1.2567199950e-20
 123.7500000   -4.0146022212e-05    5.2401413591e-20   -1.6600603570e-04    2.2877721942e-20
 124.0000000   -1.0130680318e-04    4.5612768154e-20   -2.3181733688e-04    3.0497315542e-20
 124.2500000   -1.6122864019e-04    3.2546791219e-20   -2.9828378292e-04    3.6411301492e-20
 124.5000000   -2.1465699289e-04    2.3605976923e-20   -3.6017821645e-04    4.3708404513e-20
 124.7500000   -2.5655748536e-04    1.6318774221e-20   -4.1063760032e-04    4.9534340965e-20
 125.0000000   -2.8282839513e-04    6.8465739301e-21   -4.4221754060e-04    5.6832374564e-20
 125.2500000   -2.9083592286e-04    1.0651087760e-20   -4.4861047291e-04    5.3181716328e-20
 125.5000000   -2.7968412925e-04    1.1472891699e-20   -4.2646299331e-04    4.1708798780e-20
 125.7500000   -2.5020891185e-04    1.6281215051e-20   -3.7661670272e-04    1.5467631220e-20
 126.0000000   -2.0475158520e-04    1.8048874171e-20   -3.0426241466e-04   -5.2927926976e-21
 126.2500000   -1.4680348904e-04    1.5334015702e-20   -2.1788805797e-04   -3.6846980106e-20
 126.5000000   -8.0613395714e-05    7.5464721259e-22   -1.2735790857e-04   -5.5942896911e-20
 126.7500000   -1.0822834570e-05   -1.5087334933e-20   -4.1783388815e-05   -6.6230387093e-20
 127.0000000    5.7842871189e-05   -3.3321051659e-20    3.2115580873e-05   -5.7150141166e-20
 127.2500000    1.2083278903e-04   -5.1108569068e-20    9.0720008865e-05   -5.1163266386e-20
 127.5000000    1.7400228344e-04   -5.9607203627e-20    1.3327677894e-04   -2.6877670117e-20
 127.7500000    2.1384772381e-04   -6.1359378960e-20    1.6107239425e-04   -1.3199446243e-20
 128.0000000    2.3776348459e-04   -5.5443900207e-20    1.7650305579e-04   -1.4224281824e-20
 128.2500000    2.4431745164e-04   -4.1456172651e-20    1.8238873145e-04   -2.1413780279e-20
 128.5000000    2.3350646937e-04   -2.5290556090e-20    1.8158727022e-04   -2.7688423439e-20
 128.7500000    2.0691593445e-04   -1.1295022017e-20    1.7672651681e-04   -2.2545828646e-20
 129.0000000    1.6768624317e-04    3.5141217361e-21    1.6984547495e-04   -1.5343243935e-20
 129.2500000    1.2020461150e-04    1.5098631119e-20    1.6192585827e-04    1.2046140788e-21
 129.5000000    6.9505749903e-05    2.4028769614e-20    1.5255038148e-04    2.4428339855e-20
 129.7500000    2.0467596177e-05    2.7396635478e-20    1.4003401752e-04    3.7597846845e-20
 130.0000000   -2.3008964127e-05    3.5405385244e-20    1.2221731075e-04    4.3796589721e-20
 130.2500000   -5.8596015858e-05    3.6468066762e-20    9.7746932731e-05    3.8168724252e-20
 130.5000000   -8.5708987887e-05    4.0775661501e-20    6.7315086407e-05    2.0398790893e-20
 130.7500000   -1.0518221008e-04    4.1223631501e-20    3.4224876595e-05   -3.7411957389e-21
 131.0000000   -1.1856062558e-04    4.3212949176e-20    3.8942127741e-06   -2.7777946353e-20
 131.2500000   -1.2727176740e-04    3.4269627489e-20   -1.7604173410e-05   -4.9983079985e-20
 131.5000000   -1.3199639149e-04    2.6054728805e-20   -2.5406325135e-05   -5.7300384307e-20
 131.7500000   -1.3248000683e-04    2.2389995574e-20   -1.7376293841e-05   -6.0674240768e-20
 132.0000000   -1.2784786336e-04    1.1835248506e-20    5.2881184386e-06   -6.1978252230e-20
 132.2500000   -1.1727739641e-04    4.5720340407e-21    3.8502858262e-05   -3.3303506383e-20
 132.5000000   -1.0073280386e-04   -5.2485126854e-21    7.6497536255e-05   -8.9629026026e-21
 132.7500000   -7.9438158351e-05   -1.5714777277e-20    1.1322928373e-04    9.0271254224e-21
 133.0000000   -5.5867680319e-05   -1.7037968989e-20    1.4351126098e-04    3.6336040981e-20
 133.2500000   -3.3220685482e-05   -2.1065576015e-20    1.6359275257e-04    5.8439796520e-20
 133.5000000   -1.4548653191e-05   -1.9184489754e-20    1.7120566652e-04    6.8976255142e-20
 133.7500000   -1.8374183188e-06   -1.7077712433e-20    1.6528138902e-04    7.1833850734e-20
 134.0000000    4.6287652857e-06   -1.1667589335e-20    1.4559480565e-04    7.0901256292e-20
 134.2500000    6.3877624556e-06   -2.3687092322e-21    1.1253440007e-04    4.9553779709e-20
 134.5000000    6.3459307432e-06    1.1664926848e-21    6.7082961126e-05    4.0758032214e-20
 134.7500000    7.8861427009e-06    1.0428162585e-21    1.0969722024e-05    2.8954449216e-20
 135.0000000    1.3820792465e-05   -3.2681906002e-21   -5.3141395466e-05    2.0029170407e-20
 135.2500000    2.5523511303e-05   -1.2343809486e-20   -1.2159942595e-04    1.1779543061e-20
 135.5000000    4.2510017112e-05   -2.7337000926e-20   -1.8997451967e-04    9.8215677772e-21
 135.7500000    6.2584690138e-05   -5.0112465896e-20   -2.5352764599e-04    3.2858780481e-21
 136.0000000    8.2480400617e-05   -7.1184164987e-20   -3.0779935116e-04   -2.3464529039e-21
 136.2500000    9.8762402649e-05   -7.1742201707e-20   -3.4909771499e-04    5.9140570364e-21
 136.5000000    1.0869708808e-04   -7.6353061538e-20   -3.7471584093e-04   -9.1052681409e-21
 136.7500000    1.1082337564e-04   -6.8318759646e-20   -3.8287287327e-04   -6.1173108226e-21
 137.0000000    1.0508783111e-04   -4.3832940432e-20   -3.7255292602e-04   -1.1163939740e-20
 137.2500000    9.2563070662e-05   -2.3129275321e-20   -3.4348935317e-04   -3.8498278178e-21
 137.5000000    7.4903245613e-05    3.3007866862e-21   -2.9644070995e-04   -1.0935844686e-21
 137.7500000    5.3756920197e-05    2.2150087347e-20   -2.3367548076e-04    5.3551252804e-21
 138.0000000    3.0342922188e-05    4.2867963161e-20   -1.5936464427e-04    8.4480989936e-22
 138.2500000    5.3150617477e-06    5.6131830133e-20   -7.9522341040e-05   -5.4176452713e-21
 138.5000000   -2.1068677129e-05    6.2759304598e-20   -1.2948443088e-06   -1.2919449644e-20
 138.7500000   -4.8560942634e-05    7.3265396644e-20    6.8296886830e-05   -4.5179700329e-20
 139.0000000   -7.6482089158e-05    7.6537238471e-20    1.2377054004e-04   -6.3103153239e-20
 139.2500000   -1.0339800060e-04    7.4433149487e-20    1.6225135150e-04   -8.3088289203e-20
 139.5000000   -1.2706446926e-04    8.2178532701e-20    1.8381721653e-04   -8.3650881879e-20
 139.7500000   -1.4470534798e-04    7.7878589383e-20    1.9102350291e-04   -7.4168897593e-20
 140.0000000   -1.5358439765e-04    6.5713780489e-20    1.8781343961e-04   -6.2657044395e-20
 140.2500000   -1.5172240277e-04    5.2157234560e-20    1.7821204085e-04   -3.6521032171e-20
 140.5000000   -1.3853651443e-04    3.3321260070e-20    1.6522738859e-04   -1.6509516900e-20
 140.7500000   -1.1517032886e-04    2.7263364080e-21    1.5026768620e-04    7.1113234249e-21
 141.0000000   -8.4357238495e-05   -2.1328154161e-20    1.3319482537e-04    3.8253536114e-20
 141.2500000   -4.9804371297e-05   -4.1652692670e-20    1.1294093837e-04    7.1574991670e-20
 141.5000000   -1.5257360684e-05   -6.1588856956e-20    8.8457772221e-05    1.0015625641e-19
 141.7500000    1.6455514749e-05   -7.5087591523e-20    5.9674846313e-05    1.0682939383e-19
 142.0000000    4.4057968827e-05   -7.7047983725e-20    2.8133053834e-05    1.1483006566e-19
 142.2500000    6.7881040428e-05   -7.4101488835e-20   -2.9506707023e-06    1.0805930801e-19
 142.5000000    8.9277001895e-05   -5.7497350228e-20   -2.9255465039e-05    6.9509692933e-20
 142.7500000    1.0957477252e-04   -3.7811821667e-20   -4.6418104754e-05    3.8576679390e-20
 143.0000000    1.2896182826e-04   -1.4397724796e-20   -5.1258259660e-05    5.2744396278e-22
 143.2500000    1.4575028309e-04    2.3078726831e-21   -4.2772312448e-05   -5.9292319232e-20
 143.5000000    1.5638420270e-04    2.2320447779e-20   -2.2569832028e-05   -7.3903495401e-20
 143.7500000    1.5629290866e-04    2.5209425343e-20    5.3903950295e-06   -8.2029717739e-20
 144.0000000    1.4137625182e-04    2.6940535843e-20    3.5679387737e-05   -7.8770858770e-20
 144.2500000    1.0964201927e-04    1.4085819544e-20    6.2612261200e-05   -6.7495611539e-20
 144.5000000    6.2410825627e-05   -4.7930075866e-21    8.1421149244e-05   -5.2800928903e-20
 144.7500000    4.6119568359e-06   -3.1178589249e-20    8.9041989885e-05   -3.7428294206e-20
 145.0000000   -5.6013781962e-05   -4.3451952674e-20    8.4323399481e-05   -8.7706768143e-21
 145.2500000   -1.1061294254e-04   -5.2170352320e-20    6.7690526813e-05   -4.1001792001e-21
 145.5000000   -1.5130891910e-04   -6.0689847340e-20    4.0509912115e-05    1.3438014340e-20
 145.7500000   -1.7302742649e-04   -4.7717742480e-20    4.5078350291e-06    5.5398043381e-20
 146.0000000   -1.7449234941e-04   -3.1955699585e-20   -3.8465781449e-05    5.9351785764e-20
 146.2500000   -1.5811587388e-04   -8.0120326391e-21   -8.6246680617e-05    7.8414059582e-20
 146.5000000   -1.2888871880e-04    1.1678891983e-20   -1.3591903464e-04    7.1899650367e-20
 146.7500000   -9.2708097291e-05    3.3602768050e-20   -1.8348093948e-04    6.3690341614e-20
 147.0000000   -5.4741627062e-05    5.4214858450e-20   -2.2393772493e-04    5.3238887110e-20
 147.2500000   -1.8361886639e-05    6.0064815452e-20   -2.5193634780e-04    3.0029910028e-20
 147.5000000    1.5066971299e-05    7.4474327572e-20   -2.6277145510e-04   -3.6728305538e-21
 147.7500000    4.5606751018e-05    6.3440642929e-20   -2.5340042569e-04   -2.0058751807e-20
 148.0000000    7.3712556121e-05    6.5727590528e-20   -2.2310509509e-04   -3.6803840698e-20
 148.2500000    9.9230668219e-05    6.9362829600e-20   -1.7361790476e-04   -5.1012284922e-20
 148.5000000    1.2084862493e-04    6.9643801205e-20   -1.0877171421e-04   -5.6386640536e-20
 148.7500000    1.3620388475e-04    4.9569509066e-20   -3.3894181618e-05   -7.9540033342e-20
 149.0000000    1.4258100991e-04    4.6960309995e-20    4.4824188406e-05   -6.8617895297e-20
 149.2500000    1.3790007037e-04    3.3194861379e-20    1.2087316588e-04   -6.8015539790e-20
 149.5000000    1.2160243421e-04    1.6028821567e-20    1.8789632985e-04   -3.8188188846e-20
 149.7500000    9.5098470241e-05   -4.2254970629e-21    2.4017391325e-04   -2.9752600959e-20
 150.0000000    6.1618584675e-05   -3.3790508969e-20    2.7315235162e-04   -1.3419893915e-20
 150.2500000    2.5528083073e-05   -5.6349074904e-20    2.8396410808e-04   -8.3697171682e-21
 150.5000000   -8.6557103264e-06   -8.4709007442e-20    2.7181312339e-04    3.5063158653e-20
 150.7500000   -3.7227527383e-05   -1.0158866182e-19    2.3810739220e-04    3.9103063528e-20
 151.0000000   -5.7960399043e-05   -1.0096240854e-19    1.8629164067e-04    5.3326834826e-20
 151.2500000   -7.0320801433e-05   -9.8884143105e-20    1.2141951455e-04    4.6878031373e-20
 151.5000000   -7.5238424664e-05   -9.1024040280e-20    4.9557018727e-05    3.4067330130e-20
 151.7500000   -7.4569478864e-05   -6.6778316701e-20   -2.2886379729e-05    9.9023600586e-21
 152.0000000   -7.0458665905e-05   -4.4534861343e-20   -8.9823818923e-05   -2.4862722768e-21
 152.2500000   -6.4793176298e-05   -2.0736203035e-20   -1.4609389877e-04   -1.1836437578e-20
 152.5000000   -5.8870780288e-05    4.6384669837e-21   -1.8793563015e-04   -2.2216662461e-20
 152.7500000   -5.3309548164e-05    2.4828601568e-20   -2.1326307814e-04   -2.1138102953e-20
 153.0000000   -4.8146619010e-05    4.0898420273e-20   -2.2168446792e-04   -2.1329220449e-20
 153.2500000   -4.3032577136e-05    5.3549579056e-20   -2.1426698745e-04   -8.2547907618e-21
 153.5000000   -3.7431549338e-05    6.2875478238e-20   -1.9312816257e-04    2.9654140617e-20
 153.7500000   -3.0772767350e-05    6.4428916966e-20   -1.6099714455e-04    3.8326457255e-20
 154.0000000   -2.2544959137e-05    6.5286005328e-20   -1.2089443430e-04    4.6027922348e-20
 154.2500000   -1.2359105130e-05    7.9423064833e-20   -7.6012848610e-05    5.1476018206e-20
 154.5000000   -1.5113437393e-08    7.5255677209e-20   -2.9770485126e-05    5.9027686060e-20
 154.7500000    1.4406752930e-05    7.5866847359e-20    1.4099487650e-05    6.5223204225e-20
 155.0000000    3.0438398105e-05    3.7360032419e-20    5.1602432206e-05    4.1835124769e-20
 155.2500000    4.7137943869e-05    2.7010239340e-20    7.8815020121e-05    2.4244340637e-20
 155.5000000    6.3076878785e-05    8.7798016504e-21    9.2511680217e-05    2.0409927136e-20
 155.7500000    7.6443249012e-05   -6.2387545074e-21    9.0950358978e-05   -1.1624388535e-20
 156.0000000    8.5274192799e-05   -3.3508007402e-20    7.4570934383e-05   -1.2515358990e-20
 156.2500000    8.7790396768e-05   -3.9864134315e-20    4.6334466095e-05   -4.6441163688e-20
 156.5000000    8.2767644149e-05   -4.1056295448e-20    1.1509830534e-05   -4.4851206228e-20
 156.7500000    6.9859847944e-05   -3.6985946449e-20   -2.3128693835e-05   -6.8161957221e-20
 157.0000000    4.9791389569e-05   -2.7054040533e-20   -5.0547753131e-05   -6.7334595663e-20
 157.2500000    2.4363406263e-05   -1.0629471204e-20   -6.4856162606e-05   -7.1677733318e-20
 157.5000000   -3.7394067362e-06   -2.6327090946e-21   -6.2514337283e-05   -6.9125829430e-20
 157.7500000   -3.1310274739e-05   -2.8933097616e-21   -4.3051410895e-05   -6.2941426505e-20
 158.0000000   -5.5083564242e-05    2.1098275499e-22   -9.1240618129e-06   -5.8866721883e-20
 158.2500000   -7.2214978517e-05    4.3404234692e-21    3.4069652022e-05   -3.8197423542e-20
 158.5000000   -8.0694890697e-05   -5.7321806992e-21    7.9840232535e-05   -1.9791704947e-20
 158.7500000   -7.9628076456e-05   -1.9995178453e-20    1.2123429707e-04    1.0776922611e-20
 159.0000000   -6.9340503046e-05   -4.7430368303e-20    1.5214224192e-04    3.0360630408e-20
 159.2500000   -5.1305034016e-05   -5.1265849707e-20    1.6806937930e-04    6.6188459376e-20
 159.5000000   -2.7907318462e-05   -6.3119723155e-20    1.6649305873e-04    6.2194055897e-20
 159.7500000   -2.0965658369e-06   -5.5658644049e-20    1.4687058667e-04    9.8058746101e-20
 160.0000000    2.3019452955e-05   -4.3325277718e-20    1.1045305790e-04    1.0330043455e-19
 160.2500000    4.4571521637e-05   -3.7533578789e-20    6.0066406831e-05    9.0453763871e-20
 160.5000000    6.0260807604e-05   -1.1449058557e-20   -5.1588782929e-08    7.6457357381e-20
 160.7500000    6.8583442931e-05    6.9193916734e-21   -6.4380157975e-05    5.5608560847e-20
 161.0000000    6.8927609181e-05    3.9425495946e-20   -1.2632329190e-04    1.4605760720e-20
 161.2500000    6.1546510157e-05    7.4659745276e-20   -1.7863450016e-04   -1.2891041160e-20
 161.5000000    4.7431066361e-05    1.0266063619e-19   -2.1414045651e-04   -4.1837787257e-20
 161.7500000    2.8118963332e-05    1.1144444127e-19   -2.2673079887e-04   -8.5089174481e-20
 162.0000000    5.4793053499e-06    1.0775740001e-19   -2.1245665868e-04   -8.7434696807e-20
 162.2500000   -1.8494810220e-05    9.1985799301e-20   -1.7049698440e-04   -8.2716997795e-20
 162.5000000   -4.1866030035e-05    8.6688237390e-20   -1.0374160229e-04   -8.7929764403e-20
 162.7500000   -6.2897451745e-05    3.6692336106e-20   -1.8805715850e-05   -6.7646158410e-20
 163.0000000   -8.0162374996e-05   -1.1007938646e-20    7.4591488393e-05   -4.5419091568e-20
 163.2500000   -9.2620002225e-05   -4.7211540257e-20    1.6481783507e-04    1.3137308338e-20
 163.5000000   -9.9654719145e-05   -7.7430722780e-20    2.3990796373e-04    4.1905150778e-20
 163.7500000   -1.0107406209e-04   -1.1411385650e-19    2.8927818763e-04    5.1710407587e-20
 164.0000000   -9.7062850831e-05   -1.3487231586e-19    3.0529973464e-04    8.7135806725e-20
 164.2500000   -8.8099004000e-05   -1.3374135317e-19    2.8447847266e-04    1.0600663347e-19
 164.5000000   -7.4847170334e-05   -1.2269271021e-19    2.2805313483e-04    1.1376370061e-19
 164.7500000   -5.8054339186e-05   -1.1619310422e-19    1.4191533658e-04    1.1784506145e-19
 165.0000000   -3.8472701661e-05   -8.0962422104e-20    3.5859300599e-05    9.1594639806e-20
 165.2500000   -1.6827906251e-05   -4.3035932524e-20   -7.7728580485e-05    8.3204029865e-20
 165.5000000    6.1624284788e-06   -1.9445310141e-20   -1.8554581359e-04    5.5215262315e-20
 165.7500000    2.9730304293e-05    1.1336303500e-20   -2.7516769102e-04    3.6854928795e-20
 166.0000000    5.2982098820e-05    5.7232910926e-20   -3.3669629515e-04    1.0767752538e-20
 166.2500000    7.4836455973e-05    7.4215407115e-20   -3.6402717773e-04   -2.2568511490e-20
 166.5000000    9.4004822082e-05    8.7409002509e-20   -3.5555723238e-04   -3.9553993284e-20
 166.7500000    1.0903631715e-04    9.4887723373e-20   -3.1424394862e-04   -8.9033326738e-20
 167.0000000    1.1843479709e-04    1.1283498358e-19   -2.4702458734e-04   -1.0932737589e-19
 167.2500000    1.2083872230e-04    1.3439560134e-19   -1.6369729723e-04   -1.2892912656e-19
 167.5000000    1.1523754637e-04    1.2926434150e-19   -7.5439185227e-05   -1.5282994167e-19
 167.7500000    1.0118604485e-04    1.1878210199e-19    6.8211010344e-06   -1.6008586661e-19
 168.0000000    7.8973915215e-05    1.1326715960e-19    7.3948870812e-05   -1.6022669411e-19
 168.2500000    4.9713620289e-05    9.2669774270e-20    1.1985708941e-04   -1.4631822080e-19
 168.5000000    1.5323475663e-05    6.1071442558e-20    1.4229536011e-04   -1.4970703113e-19
 168.7500000   -2.1598484772e-05    5.3010489941e-20    1.4305271306e-04   -8.7186542623e-20
 169.0000000   -5.7996222894e-05    1.6900437288e-20    1.2751953823e-04   -4.1296423395e-20
 169.2500000   -9.0645749666e-05   -1.7580845040e-20    1.0363977538e-04   -3.6251190345e-21
 169.5000000   -1.1647905735e-04   -4.8785406468e-20    8.0387472721e-05    3.8861668961e-20
 169.7500000   -1.3290606990e-04   -9.9001706149e-20    6.6007815661e-05    1.0190906506e-19
 170.0000000   -1.3810111460e-04   -1.1910531635e-19    6.6343978449e-05    1.2349904773e-19
 170.2500000   -1.3122440438e-04   -1.4701086824e-19    8.3594509755e-05    1.3130380700e-19
 170.5000000   -1.1255354338e-04   -1.5560999232e-19    1.1578813880e-04    1.4415995148e-19
 170.7500000   -8.3505466056e-05   -1.7904500135e-19    1.5712387864e-04    1.3352227309e-19
 171.0000000   -4.6536808034e-05   -1.6645856945e-19    1.9913290356e-04    1.0817824107e-19
 171.2500000   -4.9218315824e-06   -1.5396602255e-19    2.3242509638e-04    9.0722119356e-20
 171.5000000    3.7577923571e-05   -1.3914692678e-19    2.4864219857e-04    6.8380798192e-20
 171.7500000    7.7120407143e-05   -1.2164179461e-19    2.4219110831e-04    3.4034863291e-20
 172.0000000    1.1021719131e-04   -9.0409380461e-20    2.1138711535e-04    1.1857272189e-20
 172.2500000    1.3413374590e-04   -5.5847557883e-20    1.5877942731e-04   -1.5398432392e-20
 172.5000000    1.4719221925e-04    1.4787145919e-21    9.0619831735e-05   -3.2788767397e-20
 172.7500000    1.4892375090e-04    7.9528246018e-22    1.5621485212e-05   -9.8363277813e-21
 173.0000000    1.4004128902e-04    4.6393355233e-20   -5.6703924174e-05   -5.3079094233e-20
 173.2500000    1.2223729027e-04    7.7395050616e-20   -1.1777331866e-04   -4.6622949552e-20
 173.5000000    9.7846117524e-05    7.7024654647e-20   -1.6137769511e-04   -1.3687409295e-20
 173.7500000    6.9439360438e-05    1.1737607589e-19   -1.8458195841e-04    7.7731196137e-21
 174.0000000    3.9435865114e-05    1.4018165217e-19   -1.8794449523e-04    2.8474451816e-20
 174.2500000    9.8030379069e-06    1.0874872427e-19   -1.7506766917e-04    4.3782669822e-21
 174.5000000   -1.8096800487e-05    1.1370721968e-19   -1.5162158474e-04    2.3461866551e-20
 174.7500000   -4.3495800331e-05    1.1472069203e-19   -1.2407505016e-04    2.2340894649e-20
 175.0000000   -6.6064481394e-05    1.2690285718e-19   -9.8405424240e-05   -1.1029374256e-20
 175.2500000   -8.5661843947e-05    7.0760066902e-20   -7.9040884911e-05   -1.8733417826e-20
 175.5000000   -1.0206447942e-04    8.8143099453e-20   -6.8223163899e-05   -1.9303526214e-20
 175.7500000   -1.1475255359e-04    4.6423159585e-20   -6.5881828210e-05   -6.3802767092e-20
 176.0000000   -1.2281829634e-04    4.9118631008e-20   -7.0002358418e-05   -5.6326605318e-20
 176.2500000   -1.2503470816e-04    5.5466932017e-20   -7.7369865626e-05   -7.8239369377e-20
 176.5000000   -1.2008334968e-04    3.7190221286e-20   -8.4496943163e-05   -7.7142734680e-20
 176.7500000   -1.0689815463e-04    1.7028081596e-20   -8.8512434215e-05   -8.4620344020e-20
 177.0000000   -8.5047119443e-05    3.9136965008e-20   -8.7805489042e-05   -6.5315673970e-20
 177.2500000   -5.5055287802e-05    3.3989898270e-20   -8.2284041770e-05   -4.2245664847e-20
 177.5000000   -1.8577378291e-05    3.8636320405e-20   -7.3205370389e-05   -3.6192176178e-20
 177.7500000    2.1642433948e-05    3.1179774282e-20   -6.2645423974e-05   -4.4130602668e-21
 178.0000000    6.2038753264e-05    6.3273436123e-21   -5.2765045390e-05   -1.1755425577e-20
 178.2500000    9.8682649812e-05   -4.4100203780e-20   -4.5080089878e-05    3.9110443530e-20
 178.5000000    1.2784411756e-04   -6.5998595576e-20   -3.9934989927e-05    1.7015131050e-20
 178.7500000    1.4654823378e-04   -9.8918936389e-20   -3.6318258890e-05    1.7678555750e-20
 179.0000000    1.5301376055e-04   -1.7098376439e-19   -3.2062583050e-05    7.1372791247e-20
 179.2500000    1.4688859582e-04   -1.8959680158e-19   -2.4370352226e-05    9.7143431979e-20
 179.5000000    1.2924115552e-04   -2.0446762199e-19   -1.0526540681e-05    8.9743021854e-20
 179.7500000    1.0231944264e-04   -2.1342782333e-19    1.1375960455e-05    9.8425600702e-20
 180.0000000    6.9137956243e-05   -2.1907459763e-19    4.1863892644e-05    1.1430131631e-19
 180.2500000    3.2985979378e-05   -1.7499142214e-19    7.9783325732e-05    9.5786377560e-20
 180.5000000   -3.0381273308e-06   -1.1936180696e-19    1.2232604746e-04    8.2725299086e-20
 180.7500000   -3.6375289516e-05   -9.1014127037e-20    1.6537170740e-04    6.4181253921e-20
 181.0000000   -6.5179457075e-05   -1.1554498236e-20    2.0408049883e-04    1.5034472922e-20
 181.2500000   -8.8305660301e-05    2.9391278128e-20    2.3363295271e-04   -3.5768401211e-20
 181.5000000   -1.0514810167e-04    9.8414201119e-20    2.4999173008e-04   -7.8814298677e-20
 181.7500000   -1.1539958908e-04    1.6461000172e-19    2.5055538573e-04   -1.0320631690e-19
 182.0000000   -1.1881929285e-04    1.5337324424e-19    2.3458788521e-04   -1.4444481180e-19
 182.2500000   -1.1508816534e-04    1.9038360544e-19    2.0334242831e-04   -1.5690520206e-19
 182.5000000   -1.0380312407e-04    1.8239559981e-19    1.5985232242e-04   -1.5949556985e-19
 182.7500000   -8.4620239646e-05    1.5113717714e-19    1.0842680652e-04   -1.4013385664e-19
 183.0000000   -5.7514581182e-05    1.1803286376e-19    5.3950849257e-05   -1.3424748431e-19
 183.2500000   -2.3090751707e-05    1.0063471578e-19    1.1280704199e-06   -6.7179576846e-20
 183.5000000    1.7138716696e-05    8.2528662744e-20   -4.6186971090e-05   -2.7833735808e-20
 183.7500000    6.0587022056e-05    9.3998374967e-20   -8.5448631448e-05    4.5646281893e-20
 184.0000000    1.0359801417e-04    4.7898552529e-20   -1.1560665113e-04    4.5957036847e-20
 184.2500000    1.4164893514e-04    8.8740711597e-20   -1.3701503598e-04    6.7733283793e-20
 184.5000000    1.6974061460e-04    4.9329878720e-20   -1.5111168648e-04    1.1888539617e-19
 184.7500000    1.8293097570e-04    5.8198117610e-20   -1.5995006571e-04    1.1513963801e-19
 185.0000000    1.7694268241e-04    2.7188352369e-20   -1.6567575067e-04    1.4073338164e-19
 185.2500000    1.4876259936e-04    2.4474246764e-20   -1.7003632880e-04    1.2378799226e-19
 185.5000000    9.7150112999e-05    2.7749531407e-20   -1.7400039709e-04    1.0699671696e-19
 185.7500000    2.2982044085e-05   -5.5758136347e-20   -1.7754522296e-04    9.4259117806e-20
 186.0000000   -7.0618556092e-05   -1.6588889080e-19   -1.7965270804e-04    6.8133755532e-20
 186.2500000   -1.7839690182e-04   -1.9714386824e-19   -1.7852603586e-04    6.2864039881e-20
 186.5000000   -2.9332289964e-04   -2.8656984728e-19   -1.7200238795e-04    1.6349699790e-20
 186.7500000   -4.0715939968e-04   -3.5215226761e-19   -1.5809339053e-04    1.2809667267e-21
 187.0000000   -5.1118599010e-04   -3.2793190229e-19   -1.3554476767e-04   -2.9736910377e-20
 187.2500000   -5.9700135615e-04   -3.2713861023e-19   -1.0428490522e-04    4.6062069398e-21
 187.5000000   -6.5731476912e-04   -2.7307731657e-19   -6.5642017776e-05   -3.8510582490e-20
 187.7500000   -6.8663555817e-04   -1.5625034562e-19   -2.2255946815e-05   -4.3645202744e-20
 188.0000000   -6.8177973469e-04    8.1973598704e-22    2.2314985322e-05   -6.1778035747e-20
 188.2500000   -6.4213470799e-04    9.8743263907e-20    6.4209812046e-05   -7.1914151877e-20
 188.5000000   -5.6965361547e-04    3.1076498359e-19    9.9958108360e-05   -9.9869108419e-20
 188.7500000   -4.6858557045e-04    4.2185430589e-19    1.2708238020e-04   -1.0300793573e-19
 189.0000000   -3.4498146457e-04    4.9952563483e-19    1.4446739445e-04   -7.4435139890e-20
 189.2500000   -2.0604140260e-04    5.3341527622e-19    1.5242003465e-04   -1.2595613604e-19
 189.5000000   -5.9385397868e-05    5.2009947782e-19    1.5242675586e-04   -8.2356738424e-20
 189.7500000    8.7667918271e-05    4.5845363587e-19    1.4669015110e-04   -1.0707475628e-19
 190.0000000    2.2873792722e-04    3.2933423515e-19    1.3757063464e-04   -8.2484331033e-20
 190.2500000    3.5887326466e-04    1.7411318251e-19    1.2706567595e-04   -7.3325063508e-20
 190.5000000    4.7485626000e-04   -2.3944319643e-20    1.1643295178e-04   -2.8444518218e-20
 190.7500000    5.7529808077e-04   -2.5487921384e-19    1.0601922642e-04   -1.2426139806e-20
 191.0000000    6.6051873208e-04   -4.3662330553e-19    9.5308928982e-05    4.8785949306e-20
 191.2500000    7.3222093126e-04   -5.7347067020e-19    8.3165643248e-05    7.9577080168e-20
 191.5000000    7.9298218555e-04   -6.0722956536e-19    6.8209942145e-05    1.7520577178e-19
 191.7500000    8.4560747352e-04   -6.3630982358e-19    4.9257966368e-05    1.5547981477e-19
 192.0000000    8.9240640088e-04   -5.5465812738e-19    2.5736156094e-05    1.9594011366e-19
 192.2500000    9.3448124375e-04   -3.9365498210e-19   -2.0099480320e-06    1.6982095524e-19
 192.5000000    9.7113056144e-04   -1.8039884398e-19   -3.2578130996e-05    1.4387917536e-19
 192.7500000    9.9947996996e-04    2.4576169309e-20   -6.3576663573e-05    1.1435415247e-19
 193.0000000    1.0144405623e-03    2.7793870873e-19   -9.1887569792e-05    6.8725939302e-20
 193.2500000    1.0090626179e-03    5.0703072207e-19   -1.1407541868e-04    1.0620482077e-20
 193.5000000    9.7529875897e-04    6.5178352941e-19   -1.2686223608e-04   -5.7976824178e-20
 193.7500000    9.0512310734e-04    7.4680543699e-19   -1.2758308114e-04   -1.5612400752e-19
 194.0000000    7.9188242165e-04    7.5409806806e-19   -1.1455483456e-04   -2.4452130991e-19
 194.2500000    6.3169540311e-04    6.7139608513e-19   -8.7324149743e-05   -2.9348673156e-19
 194.5000000    4.2468062384e-04    5.0105806446e-19   -4.6794316638e-05   -3.4259944306e-19
 194.7500000    1.7579192873e-04    2.7160258278e-19    4.7489909968e-06   -2.7514307090e-19
 195.0000000   -1.0492285092e-04    1.2464500307e-20    6.3692725280e-05   -2.8357478138e-19
 195.2500000   -4.0275090455e-04   -2.9522048920e-19    1.2522787884e-04   -2.6666035957e-19
 195.5000000   -6.9944239514e-04   -5.1490601142e-19    1.8357345964e-04   -1.2062142855e-19
 195.7500000   -9.7493736842e-04   -6.9854310593e-19    2.3232117966e-04   -1.0591350133e-19
 196.0000000   -1.2094877417e-03   -8.0557950979e-19    2.6492378910e-04    5.7165017492e-20
 196.2500000   -1.3858928533e-03   -8.5919146828e-19    2.7532690582e-04    1.7181577883e-19
 196.5000000   -1.4915311943e-03   -7.6020865804e-19    2.5870923631e-04    2.3181029686e-19
 196.7500000   -1.5198858004e-03   -6.4676903129e-19    2.1225866639e-04    3.4728891090e-19
 197.0000000   -1.4713265347e-03   -4.2734714704e-19    1.3588070455e-04    4.3158832176e-19
 197.2500000   -1.3530200488e-03   -1.8611258760e-19    3.2717765889e-05    4.2201886313e-19
 197.5000000   -1.1779704983e-03    6.3022994268e-20   -9.0642459854e-05    3.9175449586e-19
 197.7500000   -9.6332891092e-04    2.2714617435e-19   -2.2437048900e-04    4.0281208150e-19
 198.0000000   -7.2822316110e-04    4.2880588005e-19   -3.5606724623e-04    3.0936436972e-19
 198.2500000   -4.9143363892e-04    5.3070551008e-19   -4.7189566531e-04    2.0404179846e-19
 198.5000000   -2.6925880550e-04    5.7177965454e-19   -5.5808119874e-04    9.6932604320e-20
 198.7500000   -7.3876434353e-05    5.7096861849e-19   -6.0260894068e-04   -5.9848298150e-20
 199.0000000    8.7582527931e-05    5.2544440874e-19   -5.9688190565e-04   -1.1260774155e-19
 199.2500000    2.1315357750e-04    4.0740527004e-19   -5.3707969629e-04   -2.2720806426e-19
 199.5000000    3.0539255819e-04    3.1089712570e-19   -4.2498157266e-04   -3.3087183143e-19
 199.7500000    3.7012687778e-04    2.0461253369e-19   -2.6809272761e-04   -4.0271673278e-19
 200.0000000    4.1485560651e-04    7.8321441203e-20   -7.9023642402e-05   -3.9304417384e-19
