#       time         integral Re         integral Im         integral Re         integral Im
#       r =            32.000000           32.000000           50.000000           50.000000
   0.0000000   -8.6159668798e-05    2.9394599132e-15   -1.9344168241e-06    3.7620844997e-12
   0.2500000   -8.5400014189e-05    3.1909416278e-16   -1.7875783731e-06   -1.0103785390e-09
   0.5000000   -8.4646799951e-05    7.0331069652e-16   -1.6510357270e-06   -6.2674335944e-10
   0.7500000   -8.3900228310e-05    3.4468508340e-16   -1.5152384317e-06   -1.9187981673e-10
   1.0000000   -8.3160508289e-05   -6.7675171303e-17   -1.3779533707e-06    4.5528413819e-11
   1.2500000   -8.2427855946e-05    1.3648298033e-16   -1.2369898373e-06   -3.8584403576e-13
   1.5000000   -8.1702494686e-05    5.4365261769e-16   -1.0927576233e-06   -1.1911378517e-10
   1.7500000   -8.0984655447e-05    2.8208033642e-16   -9.4897636014e-07   -6.8804690672e-11
   2.0000000   -8.0274577050e-05    6.4797157471e-16   -8.0947849810e-07    5.1654867241e-11
   2.2500000   -7.9572506434e-05    1.6151437158e-15   -6.7479259615e-07   -1.0096539019e-10
   2.5000000   -7.8878698984e-05    9.2917304032e-16   -5.4248699812e-07   -6.1237818769e-10
   2.7500000   -7.8193418821e-05   -1.2558054451e-15   -4.1006417792e-07   -1.0778835226e-09
   3.0000000   -7.7516939143e-05    2.9640027765e-16   -2.7683229076e-07   -9.6925389387e-10
   3.2500000   -7.6849542511e-05    4.1914592920e-16   -1.4343878811e-07   -1.8752006039e-10
   3.5000000   -7.6191521208e-05    3.2170619452e-15   -1.0541087262e-08    7.9229859231e-10
   3.7500000   -7.5543177605e-05    2.2658346369e-15    1.2167317852e-07    1.3161397485e-09
   4.0000000   -7.4904824501e-05   -1.9271128828e-15    2.5307361753e-07    1.0876611247e-09
   4.2500000   -7.4276785489e-05   -2.1286000840e-16    3.8327844992e-07    3.5878178655e-10
   4.5000000   -7.3659395341e-05   -4.2064532631e-16    5.1188360011e-07   -3.3327876304e-10
   4.7500000   -7.3053000429e-05    1.7516991384e-15    6.3881055531e-07   -5.7849440557e-10
   5.0000000   -7.2457959047e-05   -3.5255279793e-16    7.6435104577e-07   -3.1581185819e-10
   5.2500000   -7.1874641922e-05   -3.8629519519e-16    8.8893363818e-07    2.2057904407e-10
   5.5000000   -7.1303432583e-05   -6.5041908259e-16    1.0128269699e-06    7.0516223857e-10
   5.7500000   -7.0744727752e-05   -1.7854499829e-18    1.1359564677e-06    9.1693785744e-10
   6.0000000   -7.0198937819e-05    4.8744146624e-16    1.2579569938e-06    8.2953409538e-10
   6.2500000   -6.9666487376e-05    1.0011186277e-15    1.3784450790e-06    5.7623709737e-10
   6.5000000   -6.9147815842e-05    4.0111081606e-15    1.4972972117e-06    3.3811150170e-10
   6.7500000   -6.8643377843e-05    2.2903385613e-15    1.6147115012e-06    2.3109843156e-10
   7.0000000   -6.8153642996e-05    1.3585472906e-15    1.7310454590e-06    2.4964272408e-10
   7.2500000   -6.7679095823e-05   -3.1813881660e-15    1.8465974395e-06    2.8821403974e-10
   7.5000000   -6.7220236998e-05   -2.6541089141e-15    1.9614719218e-06    2.2401203802e-10
   7.7500000   -6.6777586554e-05   -6.4209119389e-16    2.0755558161e-06    7.7977350190e-12
   8.0000000   -6.6351685986e-05    7.7923375240e-16    2.1885767032e-06   -3.0097479638e-10
   8.2500000   -6.5943095380e-05    1.5505835211e-15    2.3001997537e-06   -5.7854047461e-10
   8.5000000   -6.5552386669e-05    3.7921827715e-16    2.4101031644e-06   -7.2059772731e-10
   8.7500000   -6.5180141204e-05   -3.9185109225e-16    2.5179822733e-06   -6.9880208325e-10
   9.0000000   -6.4826958161e-05   -1.7865377204e-15    2.6234986370e-06   -5.5709631606e-10
   9.2500000   -6.4493468974e-05    1.2516481482e-15    2.7262583798e-06   -3.6827087692e-10
   9.5000000   -6.4180344051e-05    9.9220029021e-15    2.8258933539e-06   -1.9182841612e-10
   9.7500000   -6.3888284283e-05    8.2489952997e-15    2.9222306841e-06   -5.6266760401e-11
  10.0000000   -6.3618002496e-05   -1.5279726443e-14    3.0154538352e-06    3.6870793134e-11
  10.2500000   -6.3370199571e-05   -4.3746477126e-14    3.1061532173e-06    9.9029559830e-11
  10.5000000   -6.3145540570e-05   -2.5144674715e-14    3.1952348193e-06    1.3990838648e-10
  10.7500000   -6.2944674092e-05    3.6902950547e-14    3.2837371424e-06    1.5832540881e-10
  11.0000000   -6.2768374964e-05    8.6462375578e-14    3.3726411981e-06    1.4439111625e-10
  11.2500000   -6.2617769175e-05    6.3617731135e-14    3.4627343435e-06    9.2229931575e-11
  11.5000000   -6.2494284135e-05   -2.6568546707e-14    3.5545376047e-06    1.2876456083e-11
  11.7500000   -6.2398882794e-05   -9.4052839010e-14    3.6482676301e-06   -6.5604228476e-11
  12.0000000   -6.2330949438e-05   -5.7123991260e-14    3.7437961876e-06   -1.1331552044e-10
  12.2500000   -6.2288602174e-05    4.5343353028e-14    3.8405889585e-06   -1.1743825047e-10
  12.5000000   -6.2272090857e-05    8.0414864699e-14    3.9376386070e-06   -8.9460323572e-11
  12.7500000   -6.2288248406e-05   -2.8672516857e-14    4.0334398979e-06   -5.5419017283e-11
  13.0000000   -6.2349158091e-05   -2.1097315528e-13    4.1260654666e-06   -3.7505072849e-11
  13.2500000   -6.2460055811e-05   -2.6443723112e-13    4.2133711765e-06   -4.0451498577e-11
  13.5000000   -6.2604321434e-05   -7.4672686294e-14    4.2933011690e-06   -5.0792039321e-11
  13.7500000   -6.2746566345e-05    2.4711694534e-13    4.3642137491e-06   -4.7293137776e-11
  14.0000000   -6.2867075743e-05    4.5784622997e-13    4.4251454769e-06   -1.4695909249e-11
  14.2500000   -6.3006201939e-05    4.4898480714e-13    4.4759639723e-06    4.7213895385e-11
  14.5000000   -6.3265286570e-05    3.5937028575e-13    4.5173947425e-06    1.2317255518e-10
  14.7500000   -6.3727540450e-05    3.1739533141e-13    4.5509216232e-06    1.8971208275e-10
  15.0000000   -6.4339043578e-05    1.2482171885e-13    4.5785686964e-06    2.2564420022e-10
  15.2500000   -6.4868982665e-05   -6.8312053391e-13    4.6025936917e-06    2.2056677485e-10
  15.5000000   -6.5054353420e-05   -2.2916550136e-12    4.6251523174e-06    1.7796729612e-10
  15.7500000   -6.4884847396e-05   -4.1234258049e-12    4.6480051214e-06    1.1246349591e-10
  16.0000000   -6.4790075869e-05   -4.9841103356e-12    4.6723205417e-06    4.3390684593e-11
  16.2500000   -6.5456316656e-05   -3.8957375042e-12    4.6985962231e-06   -1.2231659445e-11
  16.5000000   -6.7260757953e-05   -8.4353628928e-13    4.7266944660e-06   -4.4732357129e-11
  16.7500000   -6.9727045093e-05    3.1520449796e-12    4.7559711811e-06   -5.3169216274e-11
  17.0000000   -7.1574107329e-05    6.7059016696e-12    4.7854624375e-06   -4.2903504573e-11
  17.2500000   -7.1550723274e-05    8.9145971453e-12    4.8140791418e-06   -2.0925682976e-11
  17.5000000   -6.9530436807e-05    9.6055761203e-12    4.8407606083e-06    8.1349365934e-12
  17.7500000   -6.6937836539e-05    8.9757943764e-12    4.8645604802e-06    4.2447087979e-11
  18.0000000   -6.5970162881e-05    7.0533940915e-12    4.8846719970e-06    7.9453036838e-11
  18.2500000   -6.8033632432e-05    3.6254463107e-12    4.9004226575e-06    1.1107878436e-10
  18.5000000   -7.2544698766e-05   -1.3522352884e-12    4.9112660693e-06    1.2169993873e-10
  18.7500000   -7.7127662336e-05   -7.2701149118e-12    4.9167781064e-06    9.1734892025e-11
  19.0000000   -7.9298835433e-05   -1.2790002466e-11    4.9166438178e-06    6.0317739708e-12
  19.2500000   -7.8543756833e-05   -1.6363386638e-11    4.9106158155e-06   -1.3664408751e-10
  19.5000000   -7.7082979506e-05   -1.7077409036e-11    4.8984381555e-06   -3.1720420795e-10
  19.7500000   -7.8298511978e-05   -1.5163851453e-11    4.8797516346e-06   -4.9565407874e-10
  20.0000000   -8.3699348534e-05   -1.1802453608e-11    4.8540145870e-06   -6.1717522189e-10
  20.2500000   -9.1005518501e-05   -8.2741761646e-12    4.8204755854e-06   -6.2414180622e-10
  20.5000000   -9.5474069100e-05   -5.0880831587e-12    4.7782193325e-06   -4.7246361472e-10
  20.7500000   -9.3767887782e-05   -1.7860810325e-12    4.7262825860e-06   -1.4896129722e-10
  21.0000000   -8.7008479164e-05    2.3858519323e-12    4.6638148290e-06    3.1519115080e-10
  21.2500000   -8.0021511847e-05    7.5049559872e-12    4.5902474316e-06    8.4089993786e-10
  21.5000000   -7.7337874191e-05    1.2513659723e-11    4.5054355426e-06    1.3117147920e-09
  21.7500000   -7.9917696313e-05    1.5734279166e-11    4.4097430599e-06    1.5982764590e-09
  22.0000000   -8.5658263814e-05    1.6027107158e-11    4.3040472346e-06    1.5911898932e-09
  22.2500000   -9.2648476104e-05    1.3603318173e-11    4.1896443825e-06    1.2330100966e-09
  22.5000000   -1.0110402309e-04    9.8296659809e-12    4.0680515380e-06    5.4010180190e-10
  22.7500000   -1.1171704427e-04    6.1861111934e-12    3.9407320329e-06   -3.9186087711e-10
  23.0000000   -1.2246776870e-04    3.2021486285e-12    3.8088254252e-06   -1.4006081553e-09
  23.2500000   -1.2806525089e-04    1.8861334014e-13    3.6729999079e-06   -2.2857699832e-09
  23.5000000   -1.2354665991e-04   -4.0900580370e-12    3.5335103598e-06   -2.8479765065e-09
  23.7500000   -1.0888631411e-04   -1.0245497495e-11    3.3904035507e-06   -2.9313824926e-09
  24.0000000   -9.0253926470e-05   -1.7496074518e-11    3.2436276902e-06   -2.4612952357e-09
  24.2500000   -7.7100182610e-05   -2.3858828282e-11    3.0927609746e-06   -1.4684842957e-09
  24.5000000   -7.7855633561e-05   -2.7101705687e-11    2.9363607220e-06   -9.3520730482e-11
  24.7500000   -9.6909425732e-05   -2.5903811165e-11    2.7714923075e-06    1.4320172407e-09
  25.0000000   -1.3273670002e-04   -2.0392331357e-11    2.5943280632e-06    2.8257437537e-09
  25.2500000   -1.7659196442e-04   -1.1888137332e-11    2.4021138333e-06    3.8093622983e-09
  25.5000000   -2.1352894914e-04   -2.3431774266e-12    2.1952018089e-06    4.1670741498e-09
  25.7500000   -2.2892952328e-04    6.1829575708e-12    1.9765737632e-06    3.7941042810e-09
  26.0000000   -2.1874727297e-04    1.1936244769e-11    1.7475560481e-06    2.7233887182e-09
  26.2500000   -1.9450553203e-04    1.3841160812e-11    1.5028840242e-06    1.1246343755e-09
  26.5000000   -1.7527045744e-04    1.2026805931e-11    1.2322917384e-06   -7.2257372554e-10
  26.7500000   -1.7075519571e-04    8.0258743788e-12    9.3280373554e-07   -2.4776613884e-09
  27.0000000   -1.7089063758e-04    4.2364436585e-12    6.2353996118e-07   -3.8095647172e-09
  27.2500000   -1.5353391193e-04    2.6984924306e-12    3.4254857620e-07   -4.4815401048e-09
  27.5000000   -1.0555352572e-04    3.9745293609e-12    1.1073057596e-07   -4.4105892847e-09
  27.7500000   -3.9937645382e-05    6.8911921654e-12   -1.2129550869e-07   -3.6372580793e-09
  28.0000000    6.2331446023e-06    9.3555368423e-12   -4.9266736876e-07   -2.2085249779e-09
  28.2500000   -4.7875136144e-06    9.6600108505e-12   -1.1685403503e-06   -1.4523450252e-10
  28.5000000   -7.9587631129e-05    7.4141058911e-12   -2.1985180790e-06    2.2819317234e-09
  28.7500000   -1.7807526820e-04    3.5353102713e-12   -3.3744962354e-06    4.1155913794e-09
  29.0000000   -2.3450788587e-04   -5.8047433027e-13   -4.1904394490e-06    3.9070485305e-09
  29.2500000   -2.0512597825e-04   -4.0375869833e-12   -3.9680130823e-06    1.2980148617e-09
  29.5000000   -1.0299994022e-04   -7.0026845438e-12   -2.1620639477e-06   -9.0198844903e-10
  29.7500000    1.2616978334e-05   -1.0413133522e-11    1.1661207231e-06    2.6853722478e-09
  30.0000000    8.3689148131e-05   -1.5094017596e-11    4.8021087951e-06    1.4031914760e-08
  30.2500000    9.2250556527e-05   -2.0814821435e-11    6.1022207071e-06    2.3453167621e-08
  30.5000000    5.7081524905e-05   -2.5884922160e-11    1.6221543090e-06    9.7866775773e-09
  30.7500000    1.7776791185e-06   -2.7734776737e-11   -1.0863639407e-05   -4.1080484725e-08
  31.0000000   -6.5319906023e-05   -2.4149409071e-11   -2.9470862405e-05   -1.0599409799e-07
  31.2500000   -1.4102590754e-04   -1.4588554842e-11   -4.6442339099e-05   -1.1282901832e-07
  31.5000000   -2.0673506019e-04   -8.2061127139e-13   -5.0080471352e-05    1.8207124420e-08
  31.7500000   -2.2596234954e-04    1.3512521022e-11   -3.1212500653e-05    2.8247434813e-07
  32.0000000   -1.6592005574e-04    2.4271450390e-11    8.6997598975e-06    5.1388901283e-07
  32.2500000   -2.4275915576e-05    2.8570762154e-11    5.3767669066e-05    4.2308692700e-07
  32.5000000    1.6203824237e-04    2.5959630087e-11    7.9222079219e-05   -2.0291776608e-07
  32.7500000    3.3330638143e-04    1.8459936736e-11    6.5461003196e-05   -1.2306430776e-06
  33.0000000    4.3663483962e-04    9.4662133957e-12    1.2491480678e-05   -2.0562829173e-06
  33.2500000    4.4855124210e-04    2.0724939425e-12   -5.5967261370e-05   -1.8275896263e-06
  33.5000000    3.7885033036e-04   -2.1610989180e-12   -1.0387575214e-04   -2.0811836780e-10
  33.7500000    2.5933299686e-04   -3.4584213059e-12   -1.0404826129e-04    3.0763382757e-06
  34.0000000    1.2995405480e-04   -3.1552756019e-12   -5.5318524816e-05    5.9955774092e-06
  34.2500000    3.0669858379e-05   -2.7193253250e-12    1.6283196868e-05    6.8316605186e-06
  34.5000000   -3.5420044158e-06   -3.0122549830e-12    7.2943754456e-05    4.2066879100e-06
  34.7500000    4.8356136028e-05   -4.1626736172e-12    8.5529420766e-05   -1.7116005462e-06
  35.0000000    1.8077753382e-04   -5.9185308093e-12    4.5336555381e-05   -8.9461918961e-06
  35.2500000    3.5514729642e-04   -8.0429062750e-12   -3.7274031109e-05   -1.4439338069e-05
  35.5000000    5.0966022813e-04   -1.0391180230e-11   -1.4010155323e-04   -1.5412655949e-05
  35.7500000    5.8393893450e-04   -1.2728095958e-11   -2.3314940986e-04   -1.0618364301e-05
  36.0000000    5.4583489409e-04   -1.4517645974e-11   -2.7957651345e-04   -8.7575891335e-07
  36.2500000    4.0638415870e-04   -1.4907627259e-11   -2.4255450480e-04    1.1208997988e-05
  36.5000000    2.1682964396e-04   -1.2997520243e-11   -1.0428983964e-04    2.2010232928e-05
  36.7500000    5.0504560472e-05   -8.2817973207e-12    1.1096275797e-04    2.7779593027e-05
  37.0000000   -2.3181525813e-05   -1.0255450158e-12    3.3027571985e-04    2.5593373933e-05
  37.2500000    3.5321307877e-05    7.5532092657e-12    4.5744112847e-04    1.4424421657e-05
  37.5000000    2.1772235559e-04    1.5435128884e-11    4.2323905740e-04   -3.8560402760e-06
  37.7500000    4.6508423421e-04    2.0328662510e-11    2.2955972044e-04   -2.4203518166e-05
  38.0000000    6.8416034354e-04    2.0415559901e-11   -4.6051363657e-05   -3.9563003367e-05
  38.2500000    7.8006411910e-04    1.5180192402e-11   -2.9305254393e-04   -4.3473999237e-05
  38.5000000    6.9441356009e-04    5.8842585632e-12   -4.3032116616e-04   -3.3071177057e-05
  38.7500000    4.3324859716e-04   -4.5947763418e-12   -4.4546462143e-04   -1.0841008392e-05
  39.0000000    7.1065626071e-05   -1.2740567428e-11   -3.8526697951e-04    1.6034070232e-05
  39.2500000   -2.7349415042e-04   -1.5831951276e-11   -3.0808750080e-04    3.8557006921e-05
  39.5000000   -4.8222786030e-04   -1.3102112499e-11   -2.3699641606e-04    4.9521509163e-05
  39.7500000   -4.8428842407e-04   -5.8332323355e-12   -1.4952256473e-04    4.5988625930e-05
  40.0000000   -2.8538436947e-04    3.4622741614e-12   -8.9559568192e-06    2.9644837605e-05
  40.2500000    3.3722575070e-05    1.2199308357e-11    1.9020271920e-04    5.4420761105e-06
  40.5000000    3.4916535154e-04    1.8186970567e-11    3.9882627746e-04   -2.0234194518e-05
  40.7500000    5.4275419391e-04    1.9255361286e-11    5.2964607764e-04   -4.0896777571e-05
  41.0000000    5.4675862992e-04    1.3006556318e-11    5.0343572011e-04   -5.0819274291e-05
  41.2500000    3.6615293512e-04   -2.0842144540e-12    2.9645556649e-04   -4.6169330399e-05
  41.5000000    7.0425990149e-05   -2.4087630334e-11   -3.9333131297e-05   -2.6781371252e-05
  41.7500000   -2.3921044252e-04   -4.5638103240e-11   -3.9588723020e-04    2.2723223141e-06
  42.0000000   -4.7118478284e-04   -5.5346178942e-11   -6.5727875224e-04    3.1015107787e-05
  42.2500000   -5.7540502989e-04   -4.3632562232e-11   -7.4801152204e-04    4.7891071984e-05
  42.5000000   -5.5382870697e-04   -9.9764860635e-12   -6.5601010107e-04    4.5168978989e-05
  42.7500000   -4.4890389487e-04    3.4001215846e-11   -4.2386739793e-04    2.3563186454e-05
  43.0000000   -3.1876688631e-04    6.9222953097e-11   -1.2260716476e-04   -7.0357368354e-06
  43.2500000   -2.1226684043e-04    7.9112279163e-11    1.7194460784e-04   -3.1855339384e-05
  43.5000000   -1.5438667053e-04    5.7913560961e-11    3.9134690370e-04   -3.8642974737e-05
  43.7500000   -1.4570202775e-04    1.2277501928e-11    4.8120566655e-04   -2.4170837343e-05
  44.0000000   -1.7221837852e-04   -4.2332251648e-11    4.1165588891e-04    3.8507136564e-06
  44.2500000   -2.1785764701e-04   -8.5877654773e-11    1.9254734469e-04    3.0631307742e-05
  44.5000000   -2.7248479072e-04   -9.7725039121e-11   -1.1633294304e-04    4.1936032090e-05
  44.7500000   -3.3253868676e-04   -6.3439074024e-11   -4.1290052694e-04    3.1461542479e-05
  45.0000000   -3.9625647840e-04    1.5315625790e-11   -5.8449482103e-04    4.0503777558e-06
  45.2500000   -4.5835432584e-04    1.1319173374e-10   -5.5582937243e-04   -2.6937858955e-05
  45.5000000   -5.0854919253e-04    1.8233056479e-10   -3.3120512281e-04   -4.6641950016e-05
  45.7500000   -5.3520687111e-04    1.6669233558e-10   -5.1053138753e-06   -4.6267234814e-05
  46.0000000   -5.3180323367e-04    3.2846170587e-11    2.7198988497e-04   -2.7155760110e-05
  46.2500000   -5.0196035869e-04   -1.8824355136e-10    3.6093187001e-04    6.3753909528e-07
  46.5000000   -4.5956846903e-04   -3.7702375008e-10    2.0179377568e-04    2.4140475786e-05
  46.7500000   -4.2332619747e-04   -3.6324433347e-10   -1.5339960849e-04    3.4183579255e-05
  47.0000000   -4.0821348511e-04   -4.1066499920e-11   -5.6018094452e-04    2.9406509537e-05
  47.2500000   -4.1817180009e-04    4.9994459186e-10   -8.4175635780e-04    1.5780073542e-05
  47.5000000   -4.4371794841e-04    9.4609878870e-10   -8.5919550774e-04    2.4686770812e-06
  47.7500000   -4.6575558048e-04    9.0834767599e-10   -5.6315222158e-04   -3.4009432231e-06
  48.0000000   -4.6382809332e-04    1.8474205953e-10   -1.3467184390e-05   -3.6141980713e-07
  48.2500000   -4.2501198181e-04   -1.0456972604e-09    6.3366944525e-04    6.9707315206e-06
  48.5000000   -3.4950674449e-04   -2.2519022369e-09    1.1668256722e-03    1.0707309434e-05
  48.7500000   -2.5066039404e-04   -2.7926465498e-09    1.3837932791e-03    4.3962446994e-06
  49.0000000   -1.4974371359e-04   -2.2118284363e-09    1.1668604889e-03   -1.2616638177e-05
  49.2500000   -6.7995934503e-05   -4.2407490236e-10    5.4289345822e-04   -3.3553033513e-05
  49.5000000   -1.9357185582e-05    2.2515971721e-09   -3.0345501187e-04   -4.6731447857e-05
  49.7500000   -6.6361823896e-06    5.1432153418e-09   -1.0821635923e-03   -4.1667994817e-05
  50.0000000   -2.2126210791e-05    7.3027583763e-09   -1.5042222609e-03   -1.5822437661e-05
  50.2500000   -5.1779151741e-05    7.6520066278e-09   -1.3991786579e-03    2.2099754267e-05
  50.5000000   -8.0812956645e-05    5.3095584598e-09   -7.8937417082e-04    5.5103259578e-05
  50.7500000   -9.8464622907e-05    1.1290445748e-10    1.1584180128e-04    6.6383920907e-05
  51.0000000   -1.0037280347e-04   -6.9011568425e-09    1.0042948280e-03    4.8816841292e-05
  51.2500000   -8.8275537412e-05   -1.3481022152e-08    1.5846012948e-03    9.6610562650e-06
  51.5000000   -6.7763361874e-05   -1.6895601896e-08    1.6941022858e-03   -3.2750367572e-05
  51.7500000   -4.5354383041e-05   -1.5224463718e-08    1.3477550136e-03   -5.8631418858e-05
  52.0000000   -2.6082083742e-05   -8.5034234776e-09    7.1498658777e-04   -5.7018326370e-05
  52.2500000   -1.2294093404e-05    1.0574348475e-09    4.2981536659e-05   -3.0791095992e-05
  52.5000000   -3.7478009296e-06    1.0062891424e-08   -4.3727881348e-04    5.9786872272e-06
  52.7500000    1.3873608452e-06    1.5618363477e-08   -5.8647054897e-04    3.6097535234e-05
  53.0000000    5.2237767190e-06    1.6700221521e-08   -3.9186513009e-04    4.7722453122e-05
  53.2500000    9.1043549998e-06    1.4383612661e-08    4.2843566405e-05    3.8822961022e-05
  53.5000000    1.3151776808e-05    1.0857102210e-08    5.4349609825e-04    1.6221961390e-05
  53.7500000    1.6487575311e-05    7.9292968911e-09    9.2972696580e-04   -9.0836934590e-06
  54.0000000    1.7936150240e-05    5.9803137554e-09    1.0769345326e-03   -2.7235303999e-05
  54.2500000    1.6858861632e-05    3.9164187929e-09    9.5661999012e-04   -3.3000035403e-05
  54.5000000    1.3722944428e-05    1.9077284217e-11    6.4182099029e-04   -2.6606202559e-05
  54.7500000    1.0120043153e-05   -6.8674745354e-09    2.7541174398e-04   -1.2462858528e-05
  55.0000000    8.1842883447e-06   -1.6389635551e-08    1.2693741809e-05    3.1807001526e-06
  55.2500000    9.6373064239e-06   -2.6332510076e-08   -3.9450230685e-05    1.4683115946e-05
  55.5000000    1.4888128498e-05   -3.3013377240e-08    1.3759527180e-04    1.8863051887e-05
  55.7500000    2.2634421109e-05   -3.2445865168e-08    4.7098977346e-04    1.5762175155e-05
  56.0000000    3.0214501731e-05   -2.2089279873e-08    8.2953238017e-04    8.1297407338e-06
  56.2500000    3.4619152519e-05   -2.6071549250e-09    1.0772172508e-03   -8.7846053510e-08
  56.5000000    3.3746478456e-05    2.1295457654e-08    1.1240345080e-03   -5.5337399873e-06
  56.7500000    2.7341616492e-05    4.1793312315e-08    9.5435062083e-04   -6.6985407392e-06
  57.0000000    1.7191268447e-05    5.0714272957e-08    6.2484156425e-04   -4.1906488960e-06
  57.2500000    6.4841103883e-06    4.3182504379e-08    2.3727505587e-04   -9.6754435085e-08
  57.5000000   -1.3722620510e-06    2.0433033695e-08   -9.9760294608e-05    3.1138278631e-06
  57.7500000   -3.9631523326e-06   -9.7428475136e-09   -3.0476623814e-04    3.6398401565e-06
  58.0000000   -6.2626268311e-07   -3.5486680327e-08   -3.4256334795e-04    1.0301208403e-06
  58.2500000    7.4740035946e-06   -4.5571960541e-08   -2.2628522400e-04   -3.6416888913e-06
  58.5000000    1.7878042564e-05   -3.4526569974e-08   -6.0568772908e-06   -8.1564926086e-06
  58.7500000    2.7673371047e-05   -5.9334896525e-09    2.4886601252e-04   -1.0044092931e-05
  59.0000000    3.4315505346e-05    2.7942199145e-08    4.6843214825e-04   -7.7549341993e-06
  59.2500000    3.6207982493e-05    5.0721413530e-08    5.9701410517e-04   -1.6121676691e-06
  59.5000000    3.2982157144e-05    4.9226804983e-08    6.0402524948e-04    6.0377510405e-06
  59.7500000    2.5519708382e-05    2.0339908847e-08    4.8914691036e-04    1.1763182299e-05
  60.0000000    1.5765352062e-05   -2.6213763916e-08    2.8122154904e-04    1.2753439406e-05
  60.2500000    6.3293149511e-06   -7.1139441783e-08    3.0209395574e-05    8.4133756657e-06
  60.5000000   -1.3272697664e-07   -9.3786794103e-08   -2.0672631246e-04    8.7792725442e-07
  60.7500000   -1.6950980008e-06   -8.1366342716e-08   -3.8146009387e-04   -5.9881488257e-06
  61.0000000    2.1132846527e-06   -3.4610693616e-08   -4.6818984708e-04   -8.6553960256e-06
  61.2500000    9.9368402081e-06    3.2576611269e-08   -4.6893257815e-04   -5.9207980142e-06
  61.5000000    1.8827870416e-05    9.8559680281e-08   -4.0925873147e-04    3.4554568801e-07
  61.7500000    2.5133273268e-05    1.4130018666e-07   -3.2632508633e-04    6.1854886285e-06
  62.0000000    2.5793025816e-05    1.4461317140e-07   -2.5444652047e-04    7.7570338834e-06
  62.2500000    1.9585415135e-05    1.0231648919e-07   -2.1417148388e-04    3.5313534767e-06
  62.5000000    7.8090865887e-06    2.0682807111e-08   -2.0878676061e-04   -4.7461758672e-06
  62.7500000   -5.9350392700e-06   -8.0856010388e-08   -2.2848881632e-04   -1.2864152252e-05
  63.0000000   -1.6868381995e-05   -1.7231374206e-07   -2.5902034758e-04   -1.6285535458e-05
  63.2500000   -2.0714546965e-05   -2.2087108055e-07   -2.9002405252e-04   -1.2491546103e-05
  63.5000000   -1.5339946181e-05   -2.0306783924e-07   -3.1925671403e-04   -2.3376059421e-06
  63.7500000   -1.7292456082e-06   -1.1683818489e-07   -3.5139314698e-04    1.0227691753e-05
  64.0000000    1.6126289536e-05    1.3525497362e-08   -3.9294799395e-04    1.9911715588e-05
  64.2500000    3.2464970962e-05    1.4425246276e-07   -4.4649186985e-04    2.2449947067e-05
  64.5000000    4.1715859857e-05    2.2937356951e-07   -5.0726915387e-04    1.6512605844e-05
  64.7500000    4.0469523930e-05    2.4043812989e-07   -5.6383665633e-04    4.3090717966e-06
  65.0000000    2.8701726923e-05    1.7847267616e-07   -6.0233721484e-04   -9.3485640710e-06
  65.2500000    9.7751467930e-06    7.1932414202e-08   -6.1239477551e-04   -1.9088233252e-05
  65.5000000   -1.0757961939e-05   -3.7833972734e-08   -5.9194851271e-04   -2.1225393371e-05
  65.7500000   -2.7044208371e-05   -1.1542481590e-07   -5.4876734153e-04   -1.5244368720e-05
  66.0000000   -3.4762692506e-05   -1.4482539074e-07   -4.9770283055e-04   -3.8984854939e-06
  66.2500000   -3.2269615306e-05   -1.3178834698e-07   -4.5454066119e-04    8.0628861259e-06
  66.5000000   -2.0787910107e-05   -9.6013644470e-08   -4.2896885689e-04    1.5929287218e-05
  66.7500000   -3.7762003798e-06   -5.8872131730e-08   -4.1992365686e-04    1.6914741543e-05
  67.0000000    1.4160109286e-05   -3.3335780973e-08   -4.1580180306e-04    1.1114170651e-05
  67.2500000    2.8453023921e-05   -2.0169176763e-08   -3.9983725054e-04    1.2219932768e-06
  67.5000000    3.5619269841e-05   -1.0592540835e-08   -3.5831703712e-04   -8.7388288001e-06
  67.7500000    3.4048552514e-05    7.1154973059e-09   -2.8771804680e-04   -1.5052944547e-05
  68.0000000    2.4422823535e-05    4.0332214170e-08   -1.9727696572e-04   -1.5634883307e-05
  68.2500000    9.6203829560e-06    8.6790528339e-08   -1.0579611214e-04   -1.0590706972e-05
  68.5000000   -6.0061006391e-06    1.3314431015e-07   -3.4341941107e-05   -1.9362416923e-06
  68.7500000   -1.7907205775e-05    1.5851738896e-07    1.6959693700e-06    7.2903974448e-06
  69.0000000   -2.2826225482e-05    1.4278440743e-07   -2.1725496833e-06    1.4119571133e-05
  69.2500000   -1.9954760695e-05    7.7075529898e-08   -3.8687686246e-05    1.6555959040e-05
  69.5000000   -1.1239708139e-05   -2.8176161000e-08   -9.1907763983e-05    1.4055541400e-05
  69.7500000   -6.3152389242e-07   -1.4265423920e-07   -1.4240458984e-04    7.5201541908e-06
  70.0000000    7.4798521370e-06   -2.2540528679e-07   -1.7263938959e-04   -1.0887148114e-06
  70.2500000    1.0010085252e-05   -2.4135426219e-07   -1.7120781661e-04   -9.3424851825e-06
  70.5000000    6.3654088405e-06   -1.7791153080e-07   -1.3537136548e-04   -1.4978183180e-05
  70.7500000   -1.4374000865e-06   -5.3179491460e-08   -7.1673003021e-05   -1.6452227344e-05
  71.0000000   -9.7437220967e-06    8.9319627250e-08    5.4773701772e-06   -1.3332998757e-05
  71.2500000   -1.4867187222e-05    1.9778292290e-07    7.7221037572e-05   -6.4566615712e-06
  71.5000000   -1.4610097849e-05    2.3332150737e-07    1.2520836623e-04    2.2273555593e-06
  71.7500000   -9.0640585713e-06    1.8541681747e-07    1.3697242653e-04    1.0151030344e-05
  72.0000000   -4.2452289830e-07    7.5143925924e-08    1.1007501331e-04    1.4885009059e-05
  72.2500000    7.9976865213e-06   -5.4119296752e-08    5.3417921764e-05    1.4945400232e-05
  72.5000000    1.3078273499e-05   -1.5353319055e-07   -1.5120844687e-05    1.0354153744e-05
  72.7500000    1.2964511857e-05   -1.8638690013e-07   -7.4258414145e-05    2.6994176737e-06
  73.0000000    7.6039114958e-06   -1.4082989373e-07   -1.0628395439e-04   -5.3812693165e-06
  73.2500000   -1.3487928873e-06   -3.4385116711e-08   -1.0289458850e-04   -1.1132934947e-05
  73.5000000   -1.1106004567e-05    9.1146832413e-08   -6.7621783582e-05   -1.2681269839e-05
  73.7500000   -1.8587879930e-05    1.8382389956e-07   -1.3881396620e-05   -9.7063717837e-06
  74.0000000   -2.1327277796e-05    2.0133176409e-07    4.0498445141e-05   -3.5275881061e-06
  74.2500000   -1.8255016752e-05    1.2958389143e-07    7.9915575527e-05    3.4291224477e-06
  74.5000000   -1.0165555291e-05   -8.3569316553e-09    9.6023629008e-05    8.5663481695e-06
  74.7500000    3.4182424617e-07   -1.5898270464e-07    8.9279000018e-05    1.0086319040e-05
  75.0000000    9.5604667368e-06   -2.5963639337e-07    6.6876615861e-05    7.6275115752e-06
  75.2500000    1.3905558663e-05   -2.6543950363e-07    3.8603978382e-05    2.3359900806e-06
  75.5000000    1.1294559539e-05   -1.6910140156e-07    1.2851620511e-05   -3.6350680025e-06
  75.7500000    2.1316919427e-06   -4.1089908892e-09   -5.5097332261e-06   -7.9842544885e-06
  76.0000000   -1.0576598372e-05    1.6962307933e-07   -1.5005047882e-05   -9.1353902810e-06
  76.2500000   -2.2128912863e-05    2.8991773669e-07   -1.6082045578e-05   -6.7902068424e-06
  76.5000000   -2.7787452132e-05    3.1497648678e-07   -9.6817995844e-06   -1.9655610681e-06
  76.7500000   -2.4586526104e-05    2.3595054653e-07    3.2133055381e-06    3.4675860922e-06
  77.0000000   -1.2603135733e-05    7.7202574339e-08    2.1085091940e-05    7.5325549212e-06
  77.2500000    4.8146130924e-06   -1.1271858227e-07    4.1229983654e-05    8.8753104116e-06
  77.5000000    2.1997171721e-05   -2.7484657352e-07    5.9812052448e-05    7.1993020477e-06
  77.7500000    3.2803093949e-05   -3.5520341515e-07    7.2888426137e-05    3.2728732702e-06
  78.0000000    3.2765241270e-05   -3.2020323877e-07    7.7911553007e-05   -1.4467832668e-06
  78.2500000    2.0793199235e-05   -1.6974186859e-07    7.4816483599e-05   -5.3893590808e-06
  78.5000000   -2.0694387627e-07    5.6581134927e-08    6.6015457682e-05   -7.4126286733e-06
  78.7500000   -2.4100699418e-05    2.8563537350e-07    5.5255606739e-05   -7.1212550018e-06
  79.0000000   -4.3501963007e-05    4.3189501421e-07    4.5910368365e-05   -4.8854832634e-06
  79.2500000   -5.2303212619e-05    4.2920629449e-07    3.9514207349e-05   -1.6027803629e-06
  79.5000000   -4.7834725583e-05    2.6137651486e-07    3.5153568352e-05    1.6708590164e-06
  79.7500000   -3.1815784169e-05   -2.3323715987e-08    2.9902491683e-05    4.0710372690e-06
  80.0000000   -9.7095720625e-06   -3.2400472221e-07    2.0107008938e-05    5.1429650941e-06
  80.2500000    1.1270816755e-05   -5.2411358122e-07    3.1064748912e-06    4.8824088593e-06
  80.5000000    2.4718082365e-05   -5.3932118422e-07   -2.1114161549e-05    3.6254449684e-06
  80.7500000    2.7163439901e-05   -3.5497489988e-07   -4.8909345254e-05    1.8604374089e-06
  81.0000000    1.9023672582e-05   -3.5060585118e-08   -7.3165356761e-05    4.7411930471e-08
  81.2500000    4.1149610351e-06    3.0251531181e-07   -8.5059304640e-05   -1.4923191533e-06
  81.5000000   -1.1955712798e-05    5.3357264790e-07   -7.7193803693e-05   -2.5961531650e-06
  81.7500000   -2.3843625851e-05    5.7688548295e-07   -4.7144063439e-05   -3.2128849511e-06
  82.0000000   -2.8220329647e-05    4.2381215127e-07    1.3507366230e-07   -3.3364072643e-06
  82.2500000   -2.4685087686e-05    1.3738044408e-07    5.2518138200e-05   -2.9666075791e-06
  82.5000000   -1.5629359934e-05   -1.7593659201e-07    9.4068309362e-05   -2.1179641473e-06
  82.7500000   -5.1936029887e-06   -4.0782841721e-07    1.1060560264e-04   -8.6242225834e-07
  83.0000000    2.2882874882e-06   -4.8628144074e-07    9.5290246039e-05    6.3006981610e-07
  83.2500000    3.8380361588e-06   -3.9753156355e-07    5.1749457438e-05    2.0901665519e-06
  83.5000000   -1.1198361430e-06   -1.8656504423e-07   -6.7695358137e-06    3.2018730646e-06
  83.7500000   -1.0545543709e-05    6.1985435045e-08   -6.1985330529e-05    3.6938379752e-06
  84.0000000   -2.0474943514e-05    2.5544702172e-07   -9.7010341322e-05    3.4312152134e-06
  84.2500000   -2.6389715227e-05    3.2679623367e-07   -1.0199032461e-04    2.4672376558e-06
  84.5000000   -2.4815811119e-05    2.5893068036e-07   -7.6826397673e-05    1.0306243334e-06
  84.7500000   -1.4620288409e-05    9.0269359259e-08   -3.0243347033e-05   -5.4722430172e-07
  85.0000000    2.4222131824e-06   -1.0134750385e-07    2.3991758533e-05   -1.9357319319e-06
  85.2500000    2.1978254531e-05   -2.3079777513e-07    7.1917749591e-05   -2.8977016794e-06
  85.5000000    3.8310795989e-05   -2.4087579955e-07    1.0342319148e-04   -3.3355388741e-06
  85.7500000    4.5893294488e-05   -1.2572379302e-07    1.1428155638e-04   -3.2778524072e-06
  86.0000000    4.1021835155e-05    6.7227489966e-08    1.0596198343e-04   -2.8214330950e-06
  86.2500000    2.2988512652e-05    2.5695953193e-07    8.3840622572e-05   -2.0644901111e-06
  86.5000000   -5.4924802856e-06    3.6127927170e-07    5.4833909751e-05   -1.0692321990e-06
  86.7500000   -3.8729745512e-05    3.2869745408e-07    2.5377145498e-05    1.2691348800e-07
  87.0000000   -6.9291838403e-05    1.5812847254e-07    2.4327641215e-07    1.4623074097e-06
  87.2500000   -8.9768122399e-05   -9.9638816740e-08   -1.7799097643e-05    2.7994812880e-06
  87.5000000   -9.4639986001e-05   -3.5825653336e-07   -2.7813741345e-05    3.9098786543e-06
  87.7500000   -8.1788071984e-05   -5.2432292075e-07   -3.0374372830e-05    4.5148583655e-06
  88.0000000   -5.3216153409e-05   -5.2939059989e-07   -2.7261518845e-05    4.3723415785e-06
  88.2500000   -1.4749726014e-05   -3.5567220456e-07   -2.1101604950e-05    3.3740302975e-06
  88.5000000    2.5266464333e-05   -4.6592490236e-08   -1.4768884340e-05    1.6121430758e-06
  88.7500000    5.7964056478e-05    3.0310260228e-07   -1.0505669506e-05   -6.1264314743e-07
  89.0000000    7.6120639070e-05    5.7670328501e-07   -9.0102794772e-06   -2.8481589979e-06
  89.2500000    7.5920391698e-05    6.7586546538e-07   -8.9765052607e-06   -4.5979628873e-06
  89.5000000    5.7834686373e-05    5.5772590218e-07   -7.5271227545e-06   -5.4503734061e-06
  89.7500000    2.6404381847e-05    2.5400530511e-07   -1.6035631153e-06   -5.1944362291e-06
  90.0000000   -1.0983322316e-05   -1.3689238483e-07    1.0180402341e-05   -3.8883285414e-06
  90.2500000   -4.5959449650e-05   -4.8336728609e-07    2.6124899233e-05   -1.8546493245e-06
  90.5000000   -7.1163444372e-05   -6.6767065482e-07    4.1342876802e-05    4.0365000902e-07
  90.7500000   -8.1847765865e-05   -6.2853948573e-07    4.9297058020e-05    2.3463262252e-06
  91.0000000   -7.6733325411e-05   -3.8299296701e-07    4.4467596791e-05    3.5534498203e-06
  91.2500000   -5.7986549088e-05   -1.9229688631e-08    2.4962186866e-05    3.8436808975e-06
  91.5000000   -3.0429509109e-05    3.3604074406e-07   -6.2336910926e-06    3.3114601821e-06
  91.7500000   -2.6821051025e-07    5.6298233827e-07   -4.2084206338e-05    2.2712391649e-06
  92.0000000    2.6309447392e-05    5.8990491199e-07   -7.4103551668e-05    1.1316249929e-06
  92.2500000    4.4351212778e-05    4.1610807595e-07   -9.5504107058e-05    2.4713140774e-07
  92.5000000    5.0960574608e-05    1.0931986775e-07   -1.0337050677e-04   -1.9904429179e-07
  92.7500000    4.5626545978e-05   -2.2017744263e-07   -9.8855902484e-05   -2.4147576834e-07
  93.0000000    3.0076294597e-05   -4.5896316498e-07   -8.5461479403e-05   -9.4964350557e-08
  93.2500000    7.7435450993e-06   -5.2957546931e-07   -6.6484400619e-05   -4.9477106839e-08
  93.5000000   -1.7000765817e-05   -4.1590618933e-07   -4.3130712330e-05   -3.3760340279e-07
  93.7500000   -3.9684935083e-05   -1.6633405021e-07   -1.4363145086e-05   -1.0247046683e-06
  94.0000000   -5.6481788815e-05    1.2615235085e-07    2.1459827921e-05   -1.9648819706e-06
  94.2500000   -6.4753855204e-05    3.5922828633e-07    6.4120914049e-05   -2.8427450128e-06
  94.5000000   -6.3358647499e-05    4.5842802867e-07    1.0969423683e-04   -3.2885664886e-06
  94.7500000   -5.2731977802e-05    4.0201435171e-07    1.5043446766e-04   -3.0243674280e-06
  95.0000000   -3.4787706405e-05    2.2435907662e-07    1.7664551198e-04   -1.9833382896e-06
  95.2500000   -1.2654501654e-05   -2.2544069389e-09    1.7981010610e-04   -3.5291343235e-07
  95.5000000    9.7574427021e-06   -1.9844311114e-07    1.5570793754e-04    1.4785739925e-06
  95.7500000    2.8363752130e-05   -3.0743041211e-07    1.0630633776e-04    3.0519590266e-06
  96.0000000    3.9638765689e-05   -3.1169278839e-07    3.9748163416e-05    3.9917519187e-06
  96.2500000    4.1344104396e-05   -2.3171390171e-07   -3.1529606704e-05    4.1226436109e-06
  96.5000000    3.3062772116e-05   -1.1052836141e-07   -9.3930871350e-05    3.5032777567e-06
  96.7500000    1.6358952156e-05    6.7502063201e-09   -1.3616149007e-04    2.3703855717e-06
  97.0000000   -5.5225831096e-06    8.9014222942e-08   -1.5204201299e-04    1.0264531689e-06
  97.2500000   -2.8362640402e-05    1.2567112086e-07   -1.4188367089e-04   -2.7302488404e-07
  97.5000000   -4.7898077825e-05    1.2389523872e-07   -1.1202723660e-04   -1.3820835606e-06
  97.7500000   -6.0734753042e-05    1.0059338116e-07   -7.2684946369e-05   -2.2563332198e-06
  98.0000000   -6.5018392061e-05    7.3589469647e-08   -3.4788252505e-05   -2.8930977253e-06
  98.2500000   -6.0714616862e-05    5.4949936544e-08   -6.9091346009e-06   -3.2647311896e-06
  98.5000000   -4.9454768456e-05    4.7587746929e-08    6.7150451726e-06   -3.2905329435e-06
  98.7500000   -3.4013814054e-05    4.5415751998e-08    6.4973728754e-06   -2.8675005520e-06
  99.0000000   -1.7579198061e-05    3.7006086914e-08   -3.6921228311e-06   -1.9440560818e-06
  99.2500000   -3.0189427899e-06    1.1976954599e-08   -1.8496372892e-05   -5.9394289023e-07
  99.5000000    7.6585295832e-06   -3.2115857829e-08   -3.2915009017e-05    9.5589321560e-07
  99.7500000    1.3543381040e-05   -8.5812710613e-08   -4.3406560812e-05    2.3680585371e-06
 100.0000000    1.4772430530e-05   -1.2969412537e-07   -4.8148301669e-05    3.2976471251e-06
 100.2500000    1.2293109161e-05   -1.4257413831e-07   -4.6760818116e-05    3.5139732060e-06
 100.5000000    7.5767140576e-06   -1.1255687417e-07   -3.9887725029e-05    2.9879576887e-06
 100.7500000    2.3656143963e-06   -4.5097397940e-08   -2.8819510797e-05    1.9051860150e-06
 101.0000000   -1.5437726708e-06    3.7025778060e-08   -1.5101472611e-05    5.9701410013e-07
 101.2500000   -2.5344489744e-06    1.0283041171e-07   -4.7838155336e-09   -5.8118063182e-07
 101.5000000    5.4150952771e-07    1.2715580961e-07    1.6080585900e-05   -1.3718851149e-06
 101.7500000    8.0441409690e-06    1.0236161552e-07    3.4016718947e-05   -1.6861701081e-06
 102.0000000    1.9295897124e-05    4.1624053677e-08    5.5657645233e-05   -1.5981704198e-06
 102.2500000    3.2525398083e-05   -2.7564317062e-08    8.2792732432e-05   -1.2760205795e-06
 102.5000000    4.5091584176e-05   -7.5872077468e-08    1.1558066410e-04   -8.9117930743e-07
 102.7500000    5.3991503010e-05   -8.4203485788e-08    1.5117495187e-04   -5.5301201344e-07
 103.0000000    5.6559553298e-05   -5.0253056864e-08    1.8334117842e-04   -2.9441817164e-07
 103.2500000    5.1190230636e-05    1.1954116678e-08    2.0353691875e-04   -1.0121689185e-07
 103.5000000    3.7881930607e-05    7.7790544068e-08    2.0329913916e-04    4.6034080029e-08
 103.7500000    1.8420337297e-05    1.2023313570e-07    1.7715443735e-04    1.4977668888e-07
 104.0000000   -3.8987606385e-06    1.1851247817e-07    1.2494662450e-04    2.0401078484e-07
 104.2500000   -2.4975737490e-05    6.5851693962e-08    5.2625774377e-05    2.1911674311e-07
 104.5000000   -4.0868355934e-05   -2.5660687578e-08   -2.8895570173e-05    2.3608523282e-07
 104.7500000   -4.8735135891e-05   -1.2601633680e-07   -1.0648170513e-04    3.1232059766e-07
 105.0000000   -4.7479969449e-05   -1.9617623524e-07   -1.6817690193e-04    4.8376752789e-07
 105.2500000   -3.7912954427e-05   -2.0334005264e-07   -2.0611996119e-04    7.2748029399e-07
 105.5000000   -2.2406949986e-05   -1.3635706563e-07   -2.1804334341e-04    9.5153204862e-07
 105.7500000   -4.1952393467e-06   -1.3116217189e-08   -2.0699114514e-04    1.0241485877e-06
 106.0000000    1.3443586709e-05    1.2500542272e-07   -1.7955046698e-04    8.3154751007e-07
 106.2500000    2.7866548780e-05    2.2958565088e-07   -1.4338832956e-04    3.3784809232e-07
 106.5000000    3.7453974770e-05    2.6434535753e-07   -1.0504190615e-04   -3.8141472624e-07
 106.7500000    4.1675137530e-05    2.1794549788e-07   -6.8691683914e-05   -1.1490908002e-06
 107.0000000    4.0915062675e-05    1.0578903408e-07   -3.6169496870e-05   -1.7383976572e-06
 107.2500000    3.6196893220e-05   -3.7436674162e-08   -7.9272674238e-06   -1.9491575848e-06
 107.5000000    2.8915332712e-05   -1.6923985926e-07    1.5671068251e-05   -1.6804596817e-06
 107.7500000    2.0633590746e-05   -2.5061087987e-07    3.3440551229e-05   -9.7199366950e-07
 108.0000000    1.2931953186e-05   -2.5596756879e-07    4.3317141346e-05    2.9859392122e-09
 108.2500000    7.2669229351e-06   -1.8175847535e-07    4.3187598254e-05    9.9159559836e-07
 108.5000000    4.8143491122e-06   -5.1549226350e-08    3.2208792158e-05    1.7413944839e-06
 108.7500000    6.3078511060e-06    8.7275820762e-08    1.1962159453e-05    2.0750082018e-06
 109.0000000    1.1914740894e-05    1.7884439605e-07   -1.3177584776e-05    1.9318269406e-06
 109.2500000    2.1194878188e-05    1.8321745854e-07   -3.6772104420e-05    1.3668417127e-06
 109.5000000    3.3162405630e-05    9.8842125573e-08   -5.2008880369e-05    5.1772256291e-07
 109.7500000    4.6432895112e-05   -3.0944281116e-08   -5.3808697207e-05   -4.3697958376e-07
 110.0000000    5.9410325339e-05   -1.3494994066e-07   -4.0615467561e-05   -1.3098801575e-06
 110.2500000    7.0463479562e-05   -1.4909955210e-07   -1.5217299039e-05   -1.9242181523e-06
 110.5000000    7.8060947908e-05   -5.1870378562e-08    1.5737263071e-05   -2.1322422762e-06
 110.7500000    8.0867297484e-05    1.1961243878e-07    4.3445100255e-05   -1.8451076498e-06
 111.0000000    7.7831527000e-05    2.8314096891e-07    5.9410370322e-05   -1.0730566558e-06
 111.2500000    6.8305236370e-05    3.4909964626e-07    5.7954906249e-05    4.3560810191e-08
 111.5000000    5.2203219423e-05    2.6390550213e-07    3.8028637591e-05    1.2396021166e-06
 111.7500000    3.0171271689e-05    3.8254124900e-08    3.7399122649e-06    2.1827891351e-06
 112.0000000    3.6812941089e-06   -2.5274222370e-07   -3.6619495590e-05    2.5740933521e-06
 112.2500000   -2.5034800685e-05   -4.9720137760e-07   -7.2812539442e-05    2.2557718185e-06
 112.5000000   -5.3254440708e-05   -5.9017046978e-07   -9.5476146613e-05    1.2820006109e-06
 112.7500000   -7.8191280415e-05   -4.7633662223e-07   -9.8603032752e-05   -8.1039079117e-08
 113.0000000   -9.7451096908e-05   -1.7584058473e-07   -8.0867321229e-05   -1.4307944607e-06
 113.2500000   -1.0936266199e-04    2.1697627692e-07   -4.5411898696e-05   -2.3546790794e-06
 113.5000000   -1.1308402225e-04    5.6351979801e-07    1.6810819800e-06   -2.5632509322e-06
 113.7500000   -1.0849282363e-04    7.3125121300e-07    5.3517625070e-05   -1.9852873844e-06
 114.0000000   -9.5969535100e-05    6.4690810128e-07    1.0424031120e-04   -7.9433919841e-07
 114.2500000   -7.6216547174e-05    3.3088632844e-07    1.4996323202e-04    6.4099232171e-07
 114.5000000   -5.0207277073e-05   -1.0446012280e-07    1.8865202471e-04    1.8679467596e-06
 114.7500000   -1.9261588446e-05   -4.9594535089e-07    2.1928730681e-04    2.4889975552e-06
 115.0000000    1.4842703276e-05   -6.9527390143e-07    2.4089257687e-04    2.2881355076e-06
 115.2500000    4.9840810873e-05   -6.3125381847e-07    2.5194153030e-04    1.3043084719e-06
 115.5000000    8.3115436867e-05   -3.4001082808e-07    2.5037847308e-04   -1.7386946150e-07
 115.7500000    1.1200014606e-04    5.1338147512e-08    2.3416444580e-04   -1.6940584602e-06
 116.0000000    1.3418300756e-04    3.8043316785e-07    2.0204877092e-04   -2.7811945889e-06
 116.2500000    1.4809727474e-04    5.1938913866e-07    1.5422081220e-04   -3.0872419506e-06
 116.5000000    1.5318035183e-04    4.2715565719e-07    9.2593141974e-05   -2.4990441759e-06
 116.7500000    1.4991359542e-04    1.6214080884e-07    2.0635677711e-05   -1.1688892392e-06
 117.0000000    1.3961611917e-04   -1.4854950315e-07   -5.7149910232e-05    5.3870504238e-07
 117.2500000    1.2404216881e-04   -3.6760045969e-07   -1.3591217806e-04    2.1607782631e-06
 117.5000000    1.0490059228e-04   -4.0679440071e-07   -2.1105638032e-04    3.2693573412e-06
 117.7500000    8.3448015532e-05   -2.6137464790e-07   -2.7860398314e-04    3.5836739958e-06
 118.0000000    6.0285810666e-05   -6.0178851681e-09   -3.3525558888e-04    3.0344458571e-06
 118.2500000    3.5419724488e-05    2.4344702286e-07   -3.7823560824e-04    1.7717525035e-06
 118.5000000    8.5498290215e-06    3.8350738016e-07   -4.0507542923e-04    1.2156288976e-07
 118.7500000   -2.0514239461e-05    3.6690586282e-07   -4.1349224743e-04   -1.4974038450e-06
 119.0000000   -5.1445962103e-05    2.1822117043e-07   -4.0145734293e-04   -2.6807566489e-06
 119.2500000   -8.3118497350e-05    1.6385870271e-08   -3.6746387690e-04   -3.1473959148e-06
 119.5000000   -1.1351764247e-04   -1.4535950942e-07   -3.1094256528e-04   -2.8207773709e-06
 119.7500000   -1.3987748244e-04   -2.0246510174e-07   -2.3274359628e-04   -1.8520479307e-06
 120.0000000   -1.5902754109e-04   -1.4591819543e-07   -1.3558782538e-04   -5.6865018760e-07
 120.2500000   -1.6790838224e-04   -2.2565349782e-08   -2.4369771516e-05    6.3959273214e-07
 120.5000000   -1.6417786908e-04    8.9333958190e-08    9.3825671486e-05    1.4547988795e-06
 120.7500000   -1.4679229003e-04    1.1746778100e-07    2.1011707497e-04    1.7303068734e-06
 121.0000000   -1.1641910053e-04    2.9468985249e-08    3.1467537643e-04    1.5142502726e-06
 121.2500000   -7.5543317266e-05   -1.5052295734e-07    3.9793495145e-04    9.9406685609e-07
 121.5000000   -2.8184227514e-05   -3.4939572646e-07    4.5193569975e-04    3.9745955522e-07
 121.7500000    2.0759916259e-05   -4.7370199634e-07    4.7150074072e-04   -9.7364969392e-08
 122.0000000    6.6401798160e-05   -4.4809462430e-07    4.5500381600e-04   -4.0314476917e-07
 122.2500000    1.0475919894e-04   -2.4837956282e-07    4.0461288470e-04   -5.1178665618e-07
 122.5000000    1.3340105565e-04    8.3940847971e-08    3.2602983489e-04   -4.5552407803e-07
 122.7500000    1.5166199808e-04    4.5165557228e-07    2.2780941617e-04   -2.7570353215e-07
 123.0000000    1.6038299958e-04    7.3316802350e-07    1.2033034138e-04   -1.7520905183e-08
 123.2500000    1.6129529161e-04    8.2427931388e-07    1.4474739278e-05    2.5722269395e-07
 123.5000000    1.5627793106e-04    6.7606065496e-07   -7.9874830423e-05    4.6315744793e-07
 123.7500000    1.4674214044e-04    3.1582202096e-07   -1.5528060561e-04    5.0886342403e-07
 124.0000000    1.3332553904e-04   -1.5654868337e-07   -2.0777393758e-04    3.3695745824e-07
 124.2500000    1.1595398688e-04   -5.9713803401e-07   -2.3710554329e-04   -3.5298970038e-08
 124.5000000    9.4202352967e-05   -8.6380373483e-07   -2.4607497483e-04   -5.0237936799e-07
 124.7500000    6.7801832831e-05   -8.6509879024e-07   -2.3913086190e-04   -8.9887593329e-07
 125.0000000    3.7117089909e-05   -5.9537716231e-07   -2.2073530611e-04   -1.0625563243e-06
 125.2500000    3.4430778415e-06   -1.4190825783e-07   -1.9408220247e-04   -9.0541410592e-07
 125.5000000   -3.0970642765e-05    3.4142046190e-07   -1.6058991625e-04   -4.5958480504e-07
 125.7500000   -6.3188172492e-05    6.8684615980e-07   -1.2024072830e-04    1.2576565182e-07
 126.0000000   -9.0093189312e-05    7.7369909310e-07   -7.2492871846e-05    6.3968675051e-07
 126.2500000   -1.0901049731e-04    5.7446326756e-07   -1.7309947297e-05    8.9624830566e-07
 126.5000000   -1.1827834373e-04    1.6714830761e-07    4.4104353446e-05    8.1590538660e-07
 126.7500000   -1.1760719915e-04   -2.9231962398e-07    1.0907318052e-04    4.6355732037e-07
 127.0000000   -1.0811484471e-04   -6.2827818863e-07    1.7368503392e-04    2.2694746588e-08
 127.2500000   -9.2024482359e-05   -7.1225579793e-07    2.3332065574e-04   -2.8569287541e-07
 127.5000000   -7.2118741015e-05   -5.1284175459e-07    2.8326016916e-04   -3.0326991327e-07
 127.7500000   -5.1115782643e-05   -1.0881467645e-07    3.1923313189e-04   -6.7201171990e-09
 128.0000000   -3.1145169255e-05    3.4028008700e-07    3.3786850233e-04    4.8120526478e-07
 128.2500000   -1.3450616376e-05    6.5554871636e-07    3.3705614491e-04    9.4473446685e-07
 128.5000000    1.6382865185e-06    7.0894516255e-07    3.1622525117e-04    1.1642194650e-06
 128.7500000    1.4504912432e-05    4.7498076965e-07    2.7650081062e-04    1.0000147523e-06
 129.0000000    2.5905268413e-05    4.3104884490e-08    2.2066382517e-04    4.3954733884e-07
 129.2500000    3.6592762131e-05   -4.1524669355e-07    1.5285467458e-04   -4.0064276172e-07
 129.5000000    4.7000663198e-05   -7.1314286240e-07    7.8031797934e-05   -1.3067689499e-06
 129.7500000    5.7051908233e-05   -7.2262628208e-07    1.3008152291e-06   -2.0186052762e-06
 130.0000000    6.6137895440e-05   -4.2762073159e-07   -7.2693690171e-05   -2.2924294668e-06
 130.2500000    7.3272482693e-05    6.6413834130e-08   -1.4012568224e-04   -1.9745773290e-06
 130.5000000    7.7382642137e-05    5.7089641649e-07   -1.9801104218e-04   -1.0745737125e-06
 130.7500000    7.7651417092e-05    8.8622137271e-07   -2.4398012474e-04    1.9309992061e-07
 131.0000000    7.3801163777e-05    8.7945832801e-07   -2.7602395365e-04    1.4393319215e-06
 131.2500000    6.6215221468e-05    5.3709301567e-07   -2.9246194435e-04    2.2228250046e-06
 131.5000000    5.5849444423e-05   -2.7954897002e-08   -2.9224779009e-04    2.2339152763e-06
 131.7500000    4.3964263177e-05   -6.1771583438e-07   -2.7550008806e-04    1.4566812649e-06
 132.0000000    3.1779196018e-05   -1.0226377658e-06   -2.4394643144e-04    2.1302555187e-07
 132.2500000    2.0181491526e-05   -1.0985743778e-06   -2.0093844216e-04   -9.5940394356e-07
 132.5000000    9.5940365857e-06   -8.1802185093e-07   -1.5087908604e-04   -1.5526327485e-06
 132.7500000    3.6941783328e-08   -2.7714608217e-07   -9.8219750427e-05   -1.3346679900e-06
 133.0000000   -8.6650913219e-06    3.4221943133e-07   -4.6452740173e-05   -4.6127694367e-07
 133.2500000   -1.6634868412e-05    8.3928093083e-07    2.4260405916e-06    6.1222245180e-07
 133.5000000   -2.3768652745e-05    1.0635399157e-06    4.7730417570e-05    1.3706602402e-06
 133.7500000   -2.9710481434e-05    9.6140665352e-07    8.9296884702e-05    1.4949361021e-06
 134.0000000   -3.3980314695e-05    5.8559950125e-07    1.2653981700e-04    9.9481155845e-07
 134.2500000   -3.6193512237e-05    6.7983689291e-08    1.5786814936e-04    1.5892302756e-07
 134.5000000   -3.6269837797e-05   -4.3020405949e-07    1.8077739865e-04   -6.2808446077e-07
 134.7500000   -3.4534050577e-05   -7.7055988178e-07    1.9257143630e-04   -1.0827348943e-06
 135.0000000   -3.1654064400e-05   -8.7438155185e-07    1.9136211053e-04   -1.1265693480e-06
 135.2500000   -2.8428363591e-05   -7.3524676002e-07    1.7689875097e-04   -8.6249874532e-07
 135.5000000   -2.5496089206e-05   -4.0882908388e-07    1.5091276606e-04   -4.6978660783e-07
 135.7500000   -2.3077554024e-05    1.1085453548e-08    1.1691282473e-04   -9.8944556281e-08
 136.0000000   -2.0847290946e-05    4.1956437804e-07    7.9579814160e-05    1.7549278033e-07
 136.2500000   -1.7998413729e-05    7.2281479131e-07    4.3991329471e-05    3.3995357440e-07
 136.5000000   -1.3491911908e-05    8.5334527591e-07    1.4859842879e-05    4.0134408051e-07
 136.7500000   -6.4206565158e-06    7.7941107720e-07   -4.1231992931e-06    3.6190311500e-07
 137.0000000    3.6227955834e-06    5.1068360494e-07   -1.0801796833e-05    2.2425889560e-07
 137.2500000    1.6290086563e-05    9.9809017553e-08   -4.8877306134e-06    1.2234981686e-08
 137.5000000    3.0416339431e-05   -3.6311292284e-07    1.1960530587e-05   -2.1753997914e-07
 137.7500000    4.4181958080e-05   -7.6636872106e-07    3.6382218787e-05   -3.8717103436e-07
 138.0000000    5.5461046463e-05   -1.0027679449e-06    6.3886842450e-05   -4.2726446646e-07
 138.2500000    6.2269816817e-05   -1.0005343029e-06    8.9652306624e-05   -3.0835369658e-07
 138.5000000    6.3203344758e-05   -7.4873365323e-07    1.0935379742e-04   -5.8029060348e-08
 138.7500000    5.7754688979e-05   -3.0636753894e-07    1.1980914536e-04    2.4416307371e-07
 139.0000000    4.6443041232e-05    2.1105573412e-07    1.1929856189e-04    4.9320485224e-07
 139.2500000    3.0726867509e-05    6.6514350436e-07    1.0754843260e-04    5.9844602395e-07
 139.5000000    1.2730242376e-05    9.3750319689e-07    8.5494118151e-05    5.2265361368e-07
 139.7500000   -5.1476400494e-06    9.6641196291e-07    5.4991296637e-05    3.0267125280e-07
 140.0000000   -2.0648301797e-05    7.6371000892e-07    1.8603123206e-05    3.8040592532e-08
 140.2500000   -3.2006402376e-05    4.0611186828e-07   -2.0520343688e-05   -1.5210236818e-07
 140.5000000   -3.8174129522e-05    5.3219571835e-09   -5.8764657729e-05   -1.8503209640e-07
 140.7500000   -3.8890145302e-05   -3.3057686112e-07   -9.2309559737e-05   -5.3819833018e-08
 141.0000000   -3.4604714840e-05   -5.2952040980e-07   -1.1759630125e-04    1.7230082887e-07
 141.2500000   -2.6303031290e-05   -5.7065275555e-07   -1.3194438678e-04    3.8615913942e-07
 141.5000000   -1.5283688636e-05   -4.7950899598e-07   -1.3413238913e-04    4.9534249716e-07
 141.7500000   -2.9470984033e-06   -3.0883445617e-07   -1.2471389312e-04    4.5778315887e-07
 142.0000000    9.3672194564e-06   -1.1554811527e-07   -1.0591078106e-04    2.8306724184e-07
 142.2500000    2.0478506482e-05    5.6183104706e-08   -8.1079559438e-05    7.5788965089e-09
 142.5000000    2.9404343000e-05    1.8081758925e-07   -5.3906996105e-05   -3.3157977551e-07
 142.7500000    3.5364295883e-05    2.4780235527e-07   -2.7585027361e-05   -7.0288458317e-07
 143.0000000    3.7775830251e-05    2.5445235053e-07   -4.2080673795e-06   -1.0661353319e-06
 143.2500000    3.6266574727e-05    2.0174891746e-07    1.5454403536e-05   -1.3562469266e-06
 143.5000000    3.0715529239e-05    9.5982567033e-08    3.1784176871e-05   -1.4864678525e-06
 143.7500000    2.1320518447e-05   -4.5835331334e-08    4.5829799278e-05   -1.3769604586e-06
 144.0000000    8.6735344393e-06   -1.9232424812e-07    5.8678268553e-05   -9.9397762287e-07
 144.2500000   -6.1871412253e-06   -3.0119083551e-07    7.0878683312e-05   -3.7535857695e-07
 144.5000000   -2.1785356502e-05   -3.3128807389e-07    8.2093703047e-05    3.7355953539e-07
 144.7500000   -3.6308901220e-05   -2.5937808690e-07    9.1088164841e-05    1.1107306291e-06
 145.0000000   -4.7819374982e-05   -9.3814889401e-08    9.6060423351e-05    1.6973441516e-06
 145.2500000   -5.4553767989e-05    1.2262984059e-07    9.5206638451e-05    2.0285183210e-06
 145.5000000   -5.5264833740e-05    3.2430084788e-07    8.7322957450e-05    2.0473066307e-06
 145.7500000   -4.9518202517e-05    4.4541221485e-07    7.2236020268e-05    1.7468763512e-06
 146.0000000   -3.7856847362e-05    4.4511958463e-07    5.0922190054e-05    1.1696672901e-06
 146.2500000   -2.1766812579e-05    3.2411304043e-07    2.5303634669e-05    4.0660812861e-07
 146.5000000   -3.4294903270e-06    1.2506135782e-07   -2.1646405541e-06   -4.0900212328e-07
 146.7500000    1.4689974019e-05   -8.3877022038e-08   -2.8938460320e-05   -1.1209409831e-06
 147.0000000    3.0314295813e-05   -2.3576386442e-07   -5.2705825884e-05   -1.5844934225e-06
 147.2500000    4.1759066252e-05   -2.9050235082e-07   -7.1527241274e-05   -1.7067775745e-06
 147.5000000    4.8163878832e-05   -2.4854657662e-07   -8.3843996925e-05   -1.4768403412e-06
 147.7500000    4.9498291427e-05   -1.4724161372e-07   -8.8465561731e-05   -9.7144164887e-07
 148.0000000    4.6364340808e-05   -4.2079889163e-08   -8.4634805069e-05   -3.3255638972e-07
 148.2500000    3.9681061692e-05    1.8313062337e-08   -7.2196715076e-05    2.7526370216e-07
 148.5000000    3.0368423842e-05    1.2300851444e-08   -5.1808053586e-05    7.1196000018e-07
 148.7500000    1.9137924367e-05   -4.7930805698e-08   -2.5071647016e-05    8.9772410301e-07
 149.0000000    6.4497851344e-06   -1.2483166380e-07    5.5129369010e-06    8.2769593385e-07
 149.2500000   -7.3698294844e-06   -1.7432330791e-07    3.6827137917e-05    5.6398855724e-07
 149.5000000   -2.1920048724e-05   -1.6587010967e-07    6.5598446987e-05    2.1023119990e-07
 149.7500000   -3.6529017629e-05   -9.4848222005e-08    8.8942173371e-05   -1.2224701768e-07
 150.0000000   -5.0170875707e-05    1.7499847657e-08    1.0484264801e-04   -3.4640937726e-07
 150.2500000   -6.1555330399e-05    1.3525286529e-07    1.1245654623e-04   -4.2087246565e-07
 150.5000000   -6.9383348285e-05    2.2401162437e-07    1.1217300273e-04   -3.5533687107e-07
 150.7500000   -7.2695105690e-05    2.6437040525e-07    1.0542699244e-04   -1.9988990624e-07
 151.0000000   -7.1191879598e-05    2.5697585703e-07    9.4315611097e-05   -2.3315232406e-08
 151.2500000   -6.5409599890e-05    2.1792668755e-07    8.1102116799e-05    1.1095809198e-07
 151.5000000   -5.6662136159e-05    1.6783189512e-07    6.7709140361e-05    1.6268932665e-07
 151.7500000   -4.6744788553e-05    1.2045219002e-07    5.5302711773e-05    1.2158547275e-07
 152.0000000   -3.7468323175e-05    7.6504736508e-08    4.4054848468e-05    3.6144146916e-09
 152.2500000   -3.0153389400e-05    2.5334204552e-08    3.3143950041e-05   -1.5822344554e-07
 152.5000000   -2.5233485160e-05   -4.6755149816e-08    2.1009168250e-05   -3.2294966952e-07
 152.7500000   -2.2085842160e-05   -1.4582935761e-07    5.8209880979e-06   -4.4750728698e-07
 153.0000000   -1.9144285621e-05   -2.6264387916e-07   -1.3924846852e-05   -4.9061720258e-07
 153.2500000   -1.4268736606e-05   -3.7185887922e-07   -3.8824453260e-05   -4.1813183929e-07
 153.5000000   -5.2779876411e-06   -4.3896180403e-07   -6.8141517624e-05   -2.1235401778e-07
 153.7500000    9.4851035110e-06   -4.3234906454e-07   -9.9664790887e-05    1.1616573477e-07
 154.0000000    3.0686343479e-05   -3.3583064201e-07   -1.2991016498e-04    5.1997030196e-07
 154.2500000    5.7727861040e-05   -1.5665450500e-07   -1.5464694320e-04    9.1606874835e-07
 154.5000000    8.8715660737e-05    7.4047932331e-08   -1.6964388788e-04    1.2012838291e-06
 154.7500000    1.2065825138e-04    3.0858373101e-07   -1.7147017969e-04    1.2795391607e-06
 155.0000000    1.4984579210e-04    4.9520239899e-07   -1.5816861511e-04    1.0930684943e-06
 155.2500000    1.7233648805e-04    5.9161815940e-07   -1.2965035165e-04    6.4659019055e-07
 155.5000000    1.8447279692e-04    5.7545426399e-07   -8.7734300030e-05    1.4997410037e-08
 155.7500000    1.8335886315e-04    4.4896341705e-07   -3.5847638204e-05   -6.6970634806e-07
 156.0000000    1.6724561214e-04    2.3745594758e-07    2.1512579272e-05   -1.2498463036e-06
 156.2500000    1.3578613999e-04   -1.7282821682e-08    7.9409966543e-05   -1.5837221806e-06
 156.5000000    9.0139551783e-05   -2.6627075773e-07    1.3304842454e-04   -1.5859078985e-06
 156.7500000    3.2916684140e-05   -4.6291105954e-07    1.7820667563e-04   -1.2542920891e-06
 157.0000000   -3.2023196624e-05   -5.7110278113e-07    2.1150500758e-04   -6.7469611947e-07
 157.2500000   -9.9900324517e-05   -5.7094353985e-07    2.3054449471e-04    4.6209354203e-10
 157.5000000   -1.6543004205e-04   -4.6173148915e-07    2.3398756159e-04    5.9529494061e-07
 157.7500000   -2.2328215564e-04   -2.6223788152e-07    2.2163340893e-04    9.6333590835e-07
 158.0000000   -2.6854021004e-04   -8.2103213318e-09    1.9449371225e-04    1.0330520052e-06
 158.2500000   -2.9712310275e-04    2.5293508113e-07    1.5481987984e-04    8.2936421895e-07
 158.5000000   -3.0614068724e-04    4.6999353759e-07    1.0600324196e-04    4.6189450001e-07
 158.7500000   -2.9416327223e-04    5.9754725203e-07    5.2283277953e-05    8.2898285548e-08
 159.0000000   -2.6138941016e-04    6.0556768494e-07   -1.7443686310e-06   -1.6977953092e-07
 159.2500000   -2.0969688515e-04    4.8681994554e-07   -5.1750306376e-05   -2.2254326993e-07
 159.5000000   -1.4256106683e-04    2.5991338120e-07   -9.4288424299e-05   -8.8874122091e-08
 159.7500000   -6.4827318893e-05   -3.3304325763e-08   -1.2724845611e-04    1.4353433044e-07
 160.0000000    1.7665837055e-05   -3.3585319503e-07   -1.5001888727e-04    3.5488318725e-07
 160.2500000    9.8596929177e-05   -5.8747976103e-07   -1.6331685974e-04    4.4585858648e-07
 160.5000000    1.7176343311e-04   -7.3737491272e-07   -1.6874216654e-04    3.7804181413e-07
 160.7500000    2.3170782915e-04   -7.5459031207e-07   -1.6819395627e-04    1.8558697440e-07
 161.0000000    2.7428317499e-04   -6.3371208474e-07   -1.6332157909e-04   -4.5294180838e-08
 161.2500000    2.9707270517e-04   -3.9478787011e-07   -1.5515521701e-04   -2.1850548157e-07
 161.5000000    2.9959640383e-04   -7.8126048220e-08   -1.4399079353e-04   -2.7261148574e-07
 161.7500000    2.8327198896e-04    2.6417962652e-07   -1.2951678210e-04   -2.0839757415e-07
 162.0000000    2.5113978585e-04    5.7768163776e-07   -1.1110054204e-04   -8.8149473408e-08
 162.2500000    2.0739990838e-04    8.1399064589e-07   -8.8120906875e-05   -7.6274036358e-09
 162.5000000    1.5683714970e-04    9.3704642097e-07   -6.0246219322e-05   -5.2887236774e-08
 162.7500000    1.0421971329e-04    9.2702572537e-07   -2.7600269918e-05   -2.5981345533e-07
 163.0000000    5.3753118924e-05    7.8220742665e-07    9.1891610115e-06   -5.9265267468e-07
 163.2500000    8.6545143197e-06    5.1915281983e-07    4.9024324807e-05   -9.5010488481e-07
 163.5000000   -2.9109470546e-05    1.7124753764e-07    9.0403742151e-05   -1.1969658582e-06
 163.7500000   -5.8901699438e-05   -2.1466807655e-07    1.3148054584e-04   -1.2099866841e-06
 164.0000000   -8.1312575082e-05   -5.8385853946e-07    1.7010001748e-04   -9.2179950416e-07
 164.2500000   -9.7898014737e-05   -8.8129058271e-07    2.0383367477e-04   -3.4786183622e-07
 164.5000000   -1.1079315363e-04   -1.0603895449e-06    2.3004711170e-04    4.1238925690e-07
 164.7500000   -1.2224920243e-04   -1.0913792770e-06    2.4603980251e-04    1.2001176337e-06
 165.0000000   -1.3414989023e-04   -9.6731051942e-07    2.4927662518e-04    1.8390707773e-06
 165.2500000   -1.4757047421e-04   -7.0614865599e-07    2.3769994841e-04    2.1816774999e-06
 165.5000000   -1.6244515961e-04   -3.4812084744e-07    2.1007926436e-04    2.1456905574e-06
 165.7500000   -1.7740507469e-04    5.1324154612e-08    1.6633437558e-04    1.7318256316e-06
 166.0000000   -1.8983507532e-04    4.3147497711e-07    1.0776487058e-04    1.0193961281e-06
 166.2500000   -1.9617125083e-04    7.3704206725e-07    3.7133168301e-05    1.4359888590e-07
 166.5000000   -1.9242314790e-04    9.2726007276e-07   -4.1425295435e-05   -7.3728546051e-07
 166.7500000   -1.7486110299e-04    9.8161618685e-07   -1.2266233168e-04   -1.4751385534e-06
 167.0000000   -1.4076918214e-04    9.0137236540e-07   -2.0062170434e-04   -1.9578452578e-06
 167.2500000   -8.9138693682e-05    7.0713291698e-07   -2.6914751411e-04   -2.1236781579e-06
 167.5000000   -2.1174212548e-05    4.3357443139e-07   -3.2244838863e-04   -1.9642949764e-06
 167.7500000    5.9493712969e-05    1.2286227595e-07   -3.5566608042e-04   -1.5193102760e-06
 168.0000000    1.4695113008e-04   -1.8182590375e-07   -3.6539341979e-04   -8.6623858284e-07
 168.2500000    2.3350371311e-04   -4.4172303697e-07   -3.5008247574e-04   -1.0855977826e-07
 168.5000000    3.1048688211e-04   -6.2647674265e-07   -3.1028320626e-04    6.3724251469e-07
 168.7500000    3.6927978789e-04   -7.1680188211e-07   -2.4866224104e-04    1.2562098521e-06
 169.0000000    4.0238663023e-04   -7.0599140897e-07   -1.6977585272e-04    1.6514296332e-06
 169.2500000    4.0443627172e-04   -6.0038000494e-07   -7.9610329062e-05    1.7612707933e-06
 169.5000000    3.7296027309e-04   -4.1864304959e-07    1.5050926692e-05    1.5737213507e-06
 169.7500000    3.0883828504e-04   -1.8970079729e-07    1.0733485634e-04    1.1327807162e-06
 170.0000000    2.1634383260e-04    5.0897139785e-08    1.9094396531e-04    5.3262644610e-07
 170.2500000    1.0277675344e-04    2.6592009246e-07    2.6067449991e-04   -1.0148786543e-07
 170.5000000   -2.2276433114e-05    4.2215594802e-07    3.1272327179e-04   -6.4200011964e-07
 170.7500000   -1.4796372663e-04    4.9596182009e-07    3.4477523693e-04   -9.8979877336e-07
 171.0000000   -2.6334319785e-04    4.7763948559e-07    3.5591718751e-04   -1.0977611601e-06
 171.2500000   -3.5856626929e-04    3.7371053130e-07    3.4645514842e-04   -9.7976976931e-07
 171.5000000   -4.2592221327e-04    2.0646342427e-07    3.1771484132e-04   -7.0263596437e-07
 171.7500000   -4.6061643351e-04    1.0577816301e-08    2.7187854600e-04   -3.6401111089e-07
 172.0000000   -4.6119016881e-04   -1.7285762937e-07    2.1187100165e-04   -6.3676885017e-08
 172.2500000   -4.2953559634e-04   -3.0408617389e-07    1.4126932778e-04    1.2297589536e-07
 172.5000000   -3.7051216778e-04   -3.5286154417e-07    6.4192126946e-05    1.6215890518e-07
 172.7500000   -2.9122123289e-04   -3.0543823674e-07   -1.4872751644e-05    6.6186379077e-08
 173.0000000   -2.0004049382e-04   -1.6873721500e-07   -9.1317853350e-05   -1.1408078607e-07
 173.2500000   -1.0555190316e-04    2.9574418727e-08   -1.6072635892e-04   -3.0524741768e-07
 173.5000000   -1.5511444047e-05    2.4559095656e-07   -2.1919891396e-04   -4.3105351469e-07
 173.7500000    6.3996467939e-05    4.2774252397e-07   -2.6364214632e-04   -4.3119610786e-07
 174.0000000    1.2910427522e-04    5.2786671471e-07   -2.9197257198e-04   -2.7586203548e-07
 174.2500000    1.7833651014e-04    5.1241826829e-07   -3.0321270529e-04    2.6303121641e-08
 174.5000000    2.1240388420e-04    3.7118390177e-07   -2.9748338705e-04    4.2805270215e-07
 174.7500000    2.3366724418e-04    1.2125285689e-07   -2.7591657448e-04    8.5149065905e-07
 175.0000000    2.4537701348e-04   -1.9500112655e-07   -2.4051928798e-04    1.2031607505e-06
 175.2500000    2.5083061310e-04   -5.1776541685e-07   -1.9401219971e-04    1.3938343785e-06
 175.5000000    2.5260227341e-04   -7.8185821662e-07   -1.3965192261e-04    1.3591459181e-06
 175.7500000    2.5198412887e-04   -9.3033968094e-07   -8.1033621980e-05    1.0764430148e-06
 176.0000000    2.4873735761e-04   -9.2657832477e-07   -2.1867409688e-05    5.7356019416e-07
 176.2500000    2.4119481536e-04   -7.6207560303e-07    3.4270018928e-05   -7.3183134117e-08
 176.5000000    2.2669246759e-04   -4.5841246062e-07    8.4191967118e-05   -7.5196299338e-07
 176.7500000    2.0224711860e-04   -6.3097669840e-08    1.2533557831e-04   -1.3369220252e-06
 177.0000000    1.6535255393e-04    3.5953407600e-07    1.5593575729e-04   -1.7135495810e-06
 177.2500000    1.1474280893e-04    7.4025852877e-07    1.7510797726e-04   -1.8024630232e-06
 177.5000000    5.0974000245e-05    1.0172447116e-06    1.8282604602e-04   -1.5765023941e-06
 177.7500000   -2.3294757363e-05    1.1464170922e-06    1.7980426714e-04   -1.0675959400e-06
 178.0000000   -1.0338934609e-04    1.1082752213e-06    1.6731554151e-04   -3.6204755487e-07
 178.2500000   -1.8307977247e-04    9.1037293552e-07    1.4699073845e-04    4.1480015386e-07
 178.5000000   -2.5534404198e-04    5.8543499256e-07    1.2064546032e-04    1.1216046833e-06
 178.7500000   -3.1331215543e-04    1.8568298235e-07    9.0167292205e-05    1.6274856354e-06
 179.0000000   -3.5122982431e-04   -2.2566748634e-07    5.7473263171e-05    1.8370174708e-06
 179.2500000   -3.6527635377e-04   -5.8453142652e-07    2.4520682357e-05    1.7090327922e-06
 179.5000000   -3.5409830177e-04   -8.3632001610e-07   -6.6665416218e-06    1.2654730680e-06
 179.7500000   -3.1897430294e-04   -9.4503883459e-07   -3.4002110691e-05    5.8821291608e-07
 180.0000000   -2.6359508278e-04   -8.9958794920e-07   -5.5409978414e-05   -1.9596875591e-07
 180.2500000   -1.9351139561e-04   -7.1593442058e-07   -6.8981173705e-05   -9.3965025516e-07
 180.5000000   -1.1535723135e-04   -4.3436583885e-07   -7.3201417211e-05   -1.5035340705e-06
 180.7500000   -3.5986183769e-05   -1.1192242485e-07   -6.7209310687e-05   -1.7838139347e-06
 181.0000000    3.8338501426e-05    1.8879916356e-07   -5.1028677520e-05   -1.7324011052e-06
 181.2500000    1.0258260554e-04    4.1226986943e-07   -2.5717574634e-05   -1.3658117651e-06
 181.5000000    1.5333203668e-04    5.2131299216e-07    6.6097100059e-06   -7.6103369035e-07
 181.7500000    1.8890992324e-04    5.0442049509e-07    4.2907215054e-05   -3.9483527459e-08
 182.0000000    2.0924176541e-04    3.7735784004e-07    7.9460221402e-05    6.5747290629e-07
 182.2500000    2.1552951472e-04    1.7872448818e-07    1.1225373494e-04    1.1964976544e-06
 182.5000000    2.0981909816e-04   -3.9350318345e-08    1.3739715822e-04    1.4783699639e-06
 182.7500000    1.9455225628e-04   -2.2304690917e-07    1.5154937801e-04    1.4572660882e-06
 183.0000000    1.7218360754e-04   -3.2843802940e-07    1.5229185557e-04    1.1495103349e-06
 183.2500000    1.4492103127e-04   -3.3032583593e-07    1.3840812828e-04    6.2989353753e-07
 183.5000000    1.1461688390e-04   -2.2673124670e-07    1.1004325483e-04    1.5948679986e-08
 183.7500000    8.2804978915e-05   -3.8568548756e-08    6.8732846516e-05   -5.5693996497e-07
 184.0000000    5.0849182618e-05    1.9493050958e-07    1.7305523563e-05   -9.6455145706e-07
 184.2500000    2.0148462868e-05    4.2379205265e-07   -4.0327216723e-05   -1.1207134954e-06
 184.5000000   -7.6666411153e-06    5.9635424650e-07   -9.9474466855e-05   -9.9604161817e-07
 184.7500000   -3.0608569031e-05    6.6835093768e-07   -1.5504217347e-04   -6.2427110711e-07
 185.0000000   -4.6326258064e-05    6.1082761208e-07   -2.0196166735e-04   -9.4759449771e-08
 185.2500000   -5.2241546765e-05    4.1597056219e-07   -2.3564769705e-04    4.6712491323e-07
 185.5000000   -4.5822788280e-05    1.0014433100e-07   -2.5245620921e-04    9.2739124507e-07
 185.7500000   -2.4960018038e-05   -2.9641003220e-07   -2.5010089592e-04    1.1727117885e-06
 186.0000000    1.1618665351e-05   -7.1357731999e-07   -2.2797637062e-04    1.1354534835e-06
 186.2500000    6.3964065440e-05   -1.0791050597e-06   -1.8733165836e-04    8.0922588868e-07
 186.5000000    1.3063106513e-04   -1.3195689842e-06   -1.3124678534e-04    2.5160239239e-07
 186.7500000    2.0857262092e-04   -1.3733388507e-06   -6.4389708705e-05   -4.2676546161e-07
 187.0000000    2.9323686249e-04   -1.2035662697e-06    7.4334408160e-06   -1.0845752882e-06
 187.2500000    3.7886857933e-04   -8.0868272710e-07    7.7884058630e-05   -1.5791975144e-06
 187.5000000    4.5898324819e-04   -2.2783186371e-07    1.4077280455e-04   -1.7965835987e-06
 187.7500000    5.2695468109e-04    4.6077723189e-07    1.9072464539e-04   -1.6752322853e-06
 188.0000000    5.7664058991e-04    1.1494332920e-06    2.2373985922e-04   -1.2190897161e-06
 188.2500000    6.0296543297e-04    1.7176521328e-06    2.3758337992e-04   -4.9692074135e-07
 188.5000000    6.0238621406e-04    2.0536561217e-06    2.3196205617e-04    3.7117695115e-07
 188.7500000    5.7318257585e-04    2.0768279473e-06    2.0847773693e-04    1.2367406577e-06
 189.0000000    5.1553532574e-04    1.7566441267e-06    1.7036991756e-04    1.9504002941e-06
 189.2500000    4.3138517838e-04    1.1237428387e-06    1.2208382438e-04    2.3884951162e-06
 189.5000000    3.2409342281e-04    2.6987733697e-07    6.8718020213e-05    2.4742231321e-06
 189.7500000    1.9795511334e-04   -6.6454162811e-07    1.5418684595e-05    2.1900164596e-06
 190.0000000    5.7639172723e-05   -1.5140860845e-06   -3.3206385610e-05    1.5794116021e-06
 190.2500000   -9.2355722705e-05   -2.1192840588e-06   -7.3584187910e-05    7.3834530805e-07
 190.5000000   -2.4813874229e-04   -2.3589721454e-06   -1.0352563721e-04   -2.0250207660e-07
 190.7500000   -4.0667947352e-04   -2.1771074177e-06   -1.2238832627e-04   -1.1010925671e-06
 191.0000000   -5.6582249790e-04   -1.5977140942e-06   -1.3103524778e-04   -1.8287136019e-06
 191.2500000   -7.2404710020e-04   -7.2384362273e-07   -1.3159318578e-04   -2.2911303547e-06
 191.5000000   -8.7999768854e-04    2.8018055818e-07   -1.2703505941e-04   -2.4421111655e-06
 191.7500000   -1.0318541120e-03    1.2201777985e-06   -1.2063126851e-04   -2.2870489487e-06
 192.0000000   -1.1766499118e-03    1.9109024487e-06   -1.1533652358e-04   -1.8768198654e-06
 192.2500000   -1.3096741165e-03    2.2140790949e-06   -1.1319839796e-04   -1.2942632554e-06
 192.5000000   -1.4241019123e-03    2.0675246898e-06   -1.1488612166e-04   -6.3700612666e-07
 192.7500000   -1.5109858640e-03    1.4990068449e-06   -1.1943572631e-04   -4.5749897279e-10
 193.0000000   -1.5596995918e-03    6.2169701784e-07   -1.2428511877e-04    5.3614304350e-07
 193.2500000   -1.5588616139e-03   -3.8802392919e-07   -1.2562956287e-04    9.1913203618e-07
 193.5000000   -1.4976855971e-03   -1.3259045233e-06   -1.1907041665e-04    1.1249938581e-06
 193.7500000   -1.3676167264e-03   -2.0010132700e-06   -1.0046913697e-04    1.1604395113e-06
 194.0000000   -1.1640378854e-03   -2.2742603553e-06   -6.6868144236e-05    1.0584515708e-06
 194.2500000   -8.8777991919e-04   -2.0863338566e-06   -1.7312282031e-05    8.7071642802e-07
 194.5000000   -5.4616075864e-04   -1.4694277291e-06    4.6592737669e-05    6.5707179299e-07
 194.7500000   -1.5331614490e-04   -5.4058843856e-07    1.2051373015e-04    4.7320934961e-07
 195.0000000    2.7033055490e-04    5.2168044512e-07    1.9768210578e-04    3.5870318779e-07
 195.2500000    6.9949025879e-04    1.5125819205e-06    2.6963265080e-04    3.2804362736e-07
 195.5000000    1.1062123991e-03    2.2408029496e-06    3.2729624886e-04    3.6727964281e-07
 195.7500000    1.4626275131e-03    2.5650935603e-06    3.6228652410e-04    4.3786955705e-07
 196.0000000    1.7438808541e-03    2.4207243297e-06    3.6818002364e-04    4.8753364518e-07
 196.2500000    1.9308586943e-03    1.8310582330e-06    3.4158393071e-04    4.6578065057e-07
 196.5000000    2.0123223664e-03    9.0242091792e-07    2.8281510283e-04    3.4004737530e-07
 196.7500000    1.9861424245e-03   -1.9639315694e-07    1.9607326655e-04    1.0772314254e-07
 197.0000000    1.8594537272e-03   -1.2658633511e-06    8.9068304581e-05   -1.9987710523e-07
 197.2500000    1.6477092649e-03   -2.1126977524e-06   -2.7856257049e-05   -5.2336184711e-07
 197.5000000    1.3727691130e-03   -2.5851984755e-06   -1.4298663549e-04   -7.8976838963e-07
 197.7500000    1.0602949420e-03   -2.6006945064e-06   -2.4471488268e-04   -9.3180645994e-07
 198.0000000    7.3680986824e-04   -2.1602309784e-06   -3.2302092499e-04   -9.0632409710e-07
 198.2500000    4.2681668433e-04   -1.3479936304e-06   -3.7075007384e-04   -7.0663779222e-07
 198.5000000    1.5034296432e-04   -3.1560313239e-07   -3.8450191993e-04   -3.6524531185e-07
 198.7500000   -7.8793706919e-05    7.4596615773e-07   -3.6500035701e-04    5.3631941508e-08
 199.0000000   -2.5381929969e-04    1.6418796392e-06   -3.1688929714e-04    4.6927655216e-07
 199.2500000   -3.7488585981e-04    2.2099306712e-06   -2.4798424583e-04    8.0305187277e-07
 199.5000000   -4.4808430878e-04    2.3511960061e-06   -1.6809310410e-04    9.9535184339e-07
 199.7500000   -4.8378203295e-04    2.0488515972e-06   -8.7586388045e-05    1.0168309135e-06
 200.0000000   -4.9456042925e-04    1.3711899239e-06   -1.5935309051e-05    8.7167993842e-07
